1.000000000 0.000000000 0.000000000 0.000000000 0.000000000 1.000000000 0.000000000 0.000000000 0.000000000 0.000000000 1.000000000 0.000000000
0.999991536 -0.002354178 -0.003377413 -0.003962632 0.002346559 0.999994695 -0.002257855 -0.003365776 0.003382711 0.002249910 0.999991775 0.666660607
0.999972045 -0.001046153 -0.007405891 -0.015555447 0.001020003 0.999993265 -0.003533800 -0.010717977 0.007409538 0.003526147 0.999966323 1.356534958
0.999934614 -0.001210972 -0.011373553 -0.028815849 0.001152109 0.999985933 -0.005180612 -0.010521095 0.011379667 0.005167170 0.999921918 2.086533546
0.999868214 0.000188915 -0.016234320 -0.047178380 -0.000284301 0.999982715 -0.005873496 -0.012941176 0.016232928 0.005877337 0.999850988 2.817014456
0.999791086 -0.000557534 -0.020431118 -0.069098681 0.000434259 0.999981701 -0.006037665 -0.023483293 0.020434109 0.006027531 0.999773026 3.554415941
0.999688148 0.000873605 -0.024957184 -0.091848008 -0.001055031 0.999973118 -0.007257218 -0.031263303 0.024950173 0.007281286 0.999662161 4.311501026
0.999546945 0.003379981 -0.029906932 -0.122526489 -0.003618959 0.999961913 -0.007940223 -0.037693430 0.029878955 0.008044858 0.999521136 5.078436375
0.999401569 0.003895932 -0.034369733 -0.152952150 -0.004114506 0.999971747 -0.006291064 -0.047524460 0.034344252 0.006428713 0.999389410 5.877375126
0.999240220 0.003163303 -0.038844902 -0.187881917 -0.003313536 0.999987304 -0.003803724 -0.051640447 0.038832378 0.003929548 0.999238014 6.673835278
0.999112427 0.002531677 -0.042047441 -0.232034177 -0.002562928 0.999996483 -0.000689345 -0.066354439 0.042045549 0.000796498 0.999115348 7.485206127
0.998991966 0.004291185 -0.044683289 -0.272585720 -0.004388580 0.999988198 -0.002081791 -0.066571906 0.044673830 0.002275788 0.998999059 8.300040245
0.998906195 0.003872749 -0.046597838 -0.321406960 -0.003979228 0.999989688 -0.002192520 -0.073917903 0.046588868 0.002375546 0.998911321 9.117319107
0.998811603 0.001384970 -0.048718665 -0.359227866 -0.001530545 0.999994457 -0.002950903 -0.079292476 0.048714310 0.003021962 0.998808205 9.949606895
0.998721778 0.000745508 -0.050539773 -0.403092146 -0.000851582 0.999997497 -0.002077315 -0.086131148 0.050538100 0.002117699 0.998719871 10.793108940
0.998645067 -0.000768526 -0.052032735 -0.449297547 0.000638126 0.999996603 -0.002522679 -0.092614576 0.052034497 0.002486058 0.998642206 11.641389847
0.998555124 0.001641646 -0.053711403 -0.505250692 -0.001901451 0.999986708 -0.004786306 -0.103574038 0.053702831 0.004881520 0.998545051 12.496813774
0.998474836 0.001522733 -0.055187944 -0.553476930 -0.001919529 0.999972701 -0.007137605 -0.117769897 0.055175565 0.007232654 0.998450458 13.363091469
0.998365760 0.005279120 -0.056902912 -0.614277601 -0.005776035 0.999946594 -0.008571749 -0.131965026 0.056854621 0.008886414 0.998342931 14.237662315
0.998295844 0.006563498 -0.057985988 -0.670219421 -0.007060959 0.999939978 -0.008378254 -0.144499511 0.057927515 0.008773413 0.998282254 15.126648903
0.998209536 0.005627378 -0.059548613 -0.725901663 -0.006048006 0.999957979 -0.006885726 -0.159123987 0.059507363 0.007233548 0.998201668 16.022203445
0.998138487 0.006474710 -0.060643397 -0.789048016 -0.006808215 0.999962807 -0.005294425 -0.172916546 0.060606863 0.005697443 0.998145461 16.912637711
0.998083055 0.005980204 -0.061599556 -0.840611637 -0.006321818 0.999965668 -0.005352309 -0.185399041 0.061565433 0.005731470 0.998086572 17.819074631
0.997976959 0.005890335 -0.063303597 -0.897599041 -0.006290348 0.999961495 -0.006121523 -0.198732927 0.063265100 0.006507340 0.997975528 18.725374222
0.997916579 0.004560302 -0.064355940 -0.964860439 -0.005002212 0.999965012 -0.006707192 -0.214265317 0.064323105 0.007015141 0.997904480 19.633991241
0.997902036 0.003896165 -0.064624444 -1.023409724 -0.004231751 0.999978244 -0.005056797 -0.222198993 0.064603336 0.005319662 0.997896850 20.552581787
0.997876585 0.005046780 -0.064936899 -1.082916975 -0.005186991 0.999984562 -0.001990787 -0.230441734 0.064925849 0.002323387 0.997887373 21.476068497
0.997938037 0.005853002 -0.063917637 -1.147911310 -0.005731420 0.999981403 0.002085364 -0.247058779 0.063928656 -0.001714725 0.997952998 22.395421982
0.998029649 0.004879369 -0.062553853 -1.202402949 -0.004566762 0.999976337 0.005139419 -0.258329004 0.062577449 -0.004843625 0.998028338 23.327575684
0.998131216 0.005048420 -0.060897861 -1.268223524 -0.004699341 0.999971688 0.005874082 -0.263108552 0.060925793 -0.005576925 0.998126745 24.266599655
0.998229325 0.005330032 -0.059244093 -1.330053806 -0.005164723 0.999982357 0.002943080 -0.266986668 0.059258733 -0.002631889 0.998239160 25.198425293
0.998262584 0.006027330 -0.058613338 -1.382464528 -0.006135616 0.999979794 -0.001667661 -0.275556862 0.058602098 0.002024393 0.998279393 26.149847031
0.998355687 0.005206435 -0.057086125 -1.445646405 -0.005484785 0.999973834 -0.004720390 -0.283057272 0.057060052 0.005025733 0.998358071 27.096860886
0.998387337 0.002964201 -0.056691732 -1.498074889 -0.003175127 0.999988377 -0.003630866 -0.292111009 0.056680311 0.003805014 0.998385131 28.076839447
0.998393059 0.001201649 -0.056655716 -1.552548409 -0.001127820 0.999998450 0.001335066 -0.307420552 0.056657236 -0.001269023 0.998392880 29.032886505
0.998344183 -0.002399549 -0.057473082 -1.609335184 0.002681082 0.999984801 0.004821911 -0.318404347 0.057460636 -0.004968017 0.998335421 30.007818222
0.998220205 -0.009519522 -0.058871370 -1.648608804 0.009773286 0.999944150 0.004024047 -0.327181429 0.058829773 -0.004592251 0.998257458 30.983798981
0.998115301 -0.011589308 -0.060262088 -1.704858303 0.011629967 0.999932289 0.000323996 -0.334931582 0.060254257 -0.001024231 0.998182535 31.958988190
0.998018980 -0.010842292 -0.061971780 -1.766781211 0.010618685 0.999935865 -0.003936426 -0.340357244 0.062010486 0.003270570 0.998070121 32.947589874
0.997887850 -0.010994249 -0.064022779 -1.829397559 0.010724550 0.999932110 -0.004554683 -0.349205941 0.064068504 0.003858448 0.997938037 33.920383453
0.997870326 -0.011147467 -0.064269118 -1.903422475 0.010966899 0.999934852 -0.003161672 -0.361761361 0.064300179 0.002450106 0.997927606 34.908168793
0.997800529 -0.007614246 -0.065849066 -1.972678900 0.007601042 0.999971032 -0.000451046 -0.375464469 0.065850586 -0.000050467 0.997829497 35.912014008
0.997745931 -0.007541795 -0.066679485 -2.045300245 0.007614142 0.999970675 0.000830920 -0.385450900 0.066671260 -0.001336754 0.997774124 36.901542664
0.997665346 -0.006248151 -0.068005793 -2.113846302 0.006503751 0.999972582 0.003537743 -0.400542229 0.067981824 -0.003971777 0.997678638 37.895065308
0.997677267 -0.005880637 -0.067863539 -2.178073645 0.006344243 0.999957979 0.006617952 -0.412587613 0.067821771 -0.007033123 0.997672677 38.879878998
0.997660637 -0.000127497 -0.068361513 -2.256724834 0.000734563 0.999960542 0.008855169 -0.419854552 0.068357684 -0.008884669 0.997621298 39.854896545
0.997623920 -0.000184932 -0.068894304 -2.328222990 0.000752527 0.999965966 0.008212764 -0.426260531 0.068890445 -0.008245095 0.997590184 40.890102386
0.997641146 -0.000351008 -0.068644390 -2.401980400 0.000814598 0.999977052 0.006725618 -0.431859851 0.068640456 -0.006765671 0.997618496 41.882255554
0.997647166 0.001669436 -0.068536930 -2.482081890 -0.001365233 0.999989033 0.004485126 -0.437571108 0.068543665 -0.004381004 0.997638524 42.872604370
0.997559547 0.002015799 -0.069791488 -2.542330503 -0.001738153 0.999990344 0.004038719 -0.439467788 0.069798954 -0.003907554 0.997553408 43.865570068
0.997482479 0.000001151 -0.070913740 -2.613177299 0.000372359 0.999986112 0.005253893 -0.448869795 0.070912763 -0.005267071 0.997468591 44.851913452
0.997441769 0.001018016 -0.071476661 -2.691422701 -0.000569477 0.999980032 0.006295416 -0.462062299 0.071481638 -0.006238606 0.997422397 45.839435577
0.997428775 0.003073641 -0.071599208 -2.766118288 -0.002849667 0.999990702 0.003230096 -0.473892957 0.071608476 -0.003017757 0.997428238 46.786727905
0.997364104 0.003101407 -0.072493218 -2.842441320 -0.003163382 0.999994695 -0.000740104 -0.482068777 0.072490543 0.000967477 0.997368634 47.755752563
0.997292340 0.004285740 -0.073413774 -2.915794134 -0.004487694 0.999986589 -0.002586165 -0.486404002 0.073401704 0.002908621 0.997298241 48.726161957
0.997319460 0.002896803 -0.073113129 -3.003589630 -0.002800180 0.999995053 0.001424026 -0.508549869 0.073116891 -0.001215479 0.997322619 49.700012207
0.997275233 0.000786379 -0.073766574 -3.054373503 -0.000462609 0.999990165 0.004406103 -0.512975931 0.073769316 -0.004359972 0.997265816 50.667350769
0.997276008 -0.000950425 -0.073754117 -3.129059076 0.001328484 0.999986231 0.005077057 -0.523280203 0.073748276 -0.005161208 0.997263551 51.626567841
0.997245312 -0.004105572 -0.074060187 -3.203303814 0.004398708 0.999983132 0.003795408 -0.532134473 0.074043356 -0.004110722 0.997246563 52.578224182
0.997179806 -0.007154801 -0.074707732 -3.258565426 0.007373113 0.999969304 0.002646824 -0.542103350 0.074686497 -0.003190188 0.997201979 53.520233154
0.997105718 -0.008590356 -0.075541012 -3.333192110 0.008898940 0.999953389 0.003749344 -0.552782416 0.075505279 -0.004410727 0.997135639 54.464397430
0.996975362 -0.011744224 -0.076826148 -3.406759024 0.012369905 0.999894023 0.007673314 -0.556689024 0.076727897 -0.008600437 0.997014999 55.416549683
0.996932447 -0.012548561 -0.077254228 -3.477695704 0.013569952 0.999827147 0.012710412 -0.565452993 0.077081375 -0.013719759 0.996930420 56.362129211
0.996913850 -0.010541958 -0.077791981 -3.559610128 0.011717547 0.999823689 0.014670999 -0.564382553 0.077623606 -0.015537254 0.996861637 57.306343079
0.996781170 -0.009283110 -0.079631247 -3.632421494 0.010160305 0.999891996 0.010617602 -0.566502094 0.079524077 -0.011392503 0.996767819 58.252960205
0.996730566 -0.008222950 -0.080377422 -3.719834089 0.008504806 0.999958813 0.003164941 -0.573847353 0.080348089 -0.003838188 0.996759474 59.172267914
0.996627569 -0.006420499 -0.081806570 -3.782648087 0.006325752 0.999978960 -0.001417315 -0.591891766 0.081813954 0.000895047 0.996647239 60.073898315
0.996591628 -0.001442959 -0.082480609 -3.870862246 0.001372042 0.999998629 -0.000916485 -0.599623263 0.082481816 0.000800195 0.996592224 60.974475861
0.996501267 0.001534952 -0.083563723 -3.959653378 -0.001391881 0.999997437 0.001770346 -0.618607461 0.083566226 -0.001647842 0.996500850 61.869895935
0.996399403 0.004149540 -0.084681697 -4.034965038 -0.003891632 0.999987245 0.003210460 -0.633723378 0.084693938 -0.002869350 0.996402860 62.747089386
0.996301532 0.005025355 -0.085778616 -4.115996838 -0.004774791 0.999983728 0.003125972 -0.646131635 0.085792929 -0.002704835 0.996309340 63.613487244
0.996161580 0.007052682 -0.087248631 -4.195367813 -0.006731853 0.999969482 0.003970876 -0.657531738 0.087273970 -0.003368289 0.996178627 64.454986572
0.996052086 0.007756407 -0.088431485 -4.280854702 -0.007376863 0.999962151 0.004617966 -0.673259318 0.088463955 -0.003947388 0.996071577 65.301010132
0.995955288 0.007650467 -0.089523628 -4.362388134 -0.007208308 0.999960184 0.005261288 -0.684559464 0.089560315 -0.004594694 0.995970786 66.127700806
0.995818257 0.007265789 -0.091067284 -4.434742928 -0.006721032 0.999957621 0.006287161 -0.693180978 0.091109112 -0.005648803 0.995824873 66.934745789
0.995668471 0.010302149 -0.092402138 -4.515028477 -0.009528540 0.999915779 0.008809477 -0.698944449 0.092485115 -0.007890861 0.995682776 67.728485107
0.995548248 0.011588354 -0.093538001 -4.600764275 -0.010404942 0.999859691 0.013129487 -0.704918861 0.093677022 -0.012097780 0.995529115 68.525161743
0.995368421 0.014850602 -0.094979867 -4.686781406 -0.013505506 0.999799430 0.014789118 -0.708944023 0.095180444 -0.013437870 0.995369315 69.302093506
0.995186687 0.017579002 -0.096407659 -4.762809753 -0.016620429 0.999804199 0.010737022 -0.718402445 0.096577533 -0.009083006 0.995284021 70.045761108
0.995060265 0.017654454 -0.097690247 -4.839443207 -0.017403761 0.999842703 0.003417806 -0.726597071 0.097735226 -0.001700745 0.995211005 70.766609192
0.994925439 0.016767664 -0.099208236 -4.912930012 -0.017085835 0.999851227 -0.002358298 -0.734458864 0.099153936 0.004041386 0.995063901 71.478500366
0.994888127 0.017480979 -0.099458575 -4.987329006 -0.017916599 0.999833405 -0.003488346 -0.741605520 0.099381022 0.005252474 0.995035589 72.165748596
0.994735301 0.020170532 -0.100472778 -5.064175129 -0.020264216 0.999794662 0.000088170 -0.751497746 0.100453928 0.001948296 0.994939804 72.849945068
0.994609535 0.020760642 -0.101591706 -5.142922878 -0.020632993 0.999784470 0.002307229 -0.766541898 0.101617709 -0.000198651 0.994823515 73.509246826
0.994577825 0.017519617 -0.102508388 -5.208117008 -0.017709846 0.999842703 -0.000945845 -0.780799687 0.102475695 0.002756124 0.994731665 74.132469177
0.994615912 0.009201610 -0.103220485 -5.242062092 -0.009871087 0.999933422 -0.005976954 -0.796139836 0.103158616 0.006963672 0.994640529 74.747352600
0.994760573 0.005003294 -0.102109790 -5.298571587 -0.006133471 0.999923348 -0.010757291 -0.805200636 0.102048136 0.011327215 0.994714975 75.338455200
0.995064855 0.007217312 -0.098963633 -5.357577801 -0.008339330 0.999905527 -0.010928703 -0.818074048 0.098875411 0.011700058 0.995031059 75.917541504
0.995409787 0.012320935 -0.094908185 -5.414963722 -0.013117509 0.999883771 -0.007773773 -0.830553412 0.094801374 0.008983049 0.995455682 76.476806641
0.995857179 0.011232279 -0.090234607 -5.471233368 -0.011726787 0.999918997 -0.004951938 -0.843019187 0.090171680 0.005989585 0.995908201 77.047348022
0.996392906 0.007692187 -0.084510341 -5.508012772 -0.007774287 0.999969602 -0.000642432 -0.856264889 0.084502824 0.001297122 0.996422410 77.589500427
0.997086942 0.003090245 -0.076210938 -5.541221142 -0.002897738 0.999992311 0.002636428 -0.865450561 0.076218501 -0.002407909 0.997088253 78.122856140
0.997821748 0.006775901 -0.065619133 -5.575398922 -0.006642248 0.999975383 0.002254756 -0.872412145 0.065632798 -0.001813986 0.997842193 78.636528015
0.998649061 0.011714814 -0.050623868 -5.592939377 -0.011615267 0.999929965 0.002260173 -0.888938189 0.050646801 -0.001669110 0.998715222 79.140136719
0.999334812 0.016785091 -0.032376025 -5.608661652 -0.016700417 0.999856353 0.002884010 -0.895193160 0.032419782 -0.002341398 0.999471605 79.632766724
0.999828637 0.015261902 -0.010478213 -5.594477177 -0.015227699 0.999878466 0.003336278 -0.899962842 0.010527858 -0.003176148 0.999939561 80.119804382
0.999801457 0.011693192 0.016135400 -5.573706627 -0.011767842 0.999920428 0.004539301 -0.911262393 -0.016081037 -0.004728279 0.999859512 80.580131531
0.998920560 0.010530679 0.045242365 -5.527006149 -0.010802321 0.999925017 0.005763871 -0.916246891 -0.045178279 -0.006246372 0.998959422 81.018951416
0.996856868 0.010134998 0.078572661 -5.474398613 -0.010731100 0.999916732 0.007168108 -0.923393726 -0.078493468 -0.007988748 0.996882617 81.466606140
0.993197918 0.010154597 0.115994506 -5.395769596 -0.011092087 0.999910831 0.007439558 -0.925739348 -0.115908615 -0.008675575 0.993221998 81.909973145
0.987418950 0.009788251 0.157822803 -5.306847095 -0.011081948 0.999911785 0.007319205 -0.931552172 -0.157737240 -0.008976106 0.987440348 82.336624146
0.979196727 0.009537813 0.202688962 -5.192812443 -0.011328341 0.999906361 0.007675575 -0.941230237 -0.202596769 -0.009812027 0.979213119 82.729209900
0.967763901 0.011927050 0.251576573 -5.058387280 -0.013775284 0.999889493 0.005586735 -0.948292792 -0.251482159 -0.008872179 0.967821300 83.130584717
0.952383459 0.013233262 0.304615468 -4.903554440 -0.014671352 0.999889433 0.002432426 -0.953133583 -0.304549575 -0.006785722 0.952472329 83.512268066
0.932759702 0.013400826 0.360249609 -4.720786095 -0.014421789 0.999895990 0.000146098 -0.957292795 -0.360210180 -0.005331718 0.932855964 83.883117676
0.908333361 0.013538680 0.418027759 -4.531596184 -0.014211928 0.999897897 -0.001502602 -0.967458606 -0.418005437 -0.004576115 0.908433020 84.231063843
0.879674375 0.013921608 0.475372672 -4.312272549 -0.013717511 0.999898314 -0.003898519 -0.971284270 -0.475378603 -0.003091502 0.879775882 84.539062500
0.845989943 0.012580049 0.533050478 -4.074852467 -0.011341081 0.999920011 -0.005599099 -0.982818067 -0.533078253 -0.001308586 0.846064925 84.846778870
0.809398174 0.012173151 0.587134123 -3.811560631 -0.009684807 0.999925852 -0.007380568 -0.987768054 -0.587180436 0.000287538 0.809456050 85.131591797
0.769452572 0.010873538 0.638611376 -3.536667824 -0.008982720 0.999940395 -0.006202697 -0.999018550 -0.638640761 -0.000963786 0.769504428 85.402130127
0.727341413 0.010155484 0.686200678 -3.243013382 -0.010746072 0.999936461 -0.003408296 -1.014250636 -0.686191678 -0.004894966 0.727404356 85.639869690
0.682171524 0.009587664 0.731129348 -2.935670853 -0.009234247 0.999947250 -0.004496903 -1.009695053 -0.731133878 -0.003683769 0.682224095 85.872161865
0.637016654 0.007414854 0.770814478 -2.607570648 -0.005754533 0.999971628 -0.004863571 -1.025480628 -0.770828664 -0.001337501 0.637041211 86.058959961
0.590428114 0.004468421 0.807077825 -2.282409668 0.000771634 0.999981105 -0.006100936 -1.031108737 -0.807089865 0.004224933 0.590413570 86.229309082
0.543829799 0.006443228 0.839170814 -1.948238373 -0.001377666 0.999976039 -0.006785101 -1.042362094 -0.839194417 0.002533844 0.543825626 86.397674561
0.496676028 0.009587314 0.867883027 -1.609111786 -0.004654112 0.999954045 -0.008382797 -1.045672417 -0.867923498 0.000124309 0.496697783 86.557144165
0.451367855 0.011548186 0.892263293 -1.267482758 -0.005269457 0.999933302 -0.010276061 -1.055850148 -0.892322421 -0.000063458 0.451398611 86.691246033
0.409085333 0.009179960 0.912450016 -0.909797668 0.001058062 0.999943972 -0.010534587 -1.066070437 -0.912495613 0.005274975 0.409052670 86.802879333
0.368564010 0.001682253 0.929600835 -0.549232483 0.016172681 0.999835432 -0.008221425 -1.067621708 -0.929461658 0.018064259 0.368476152 86.906974792
0.332871020 -0.001790914 0.942970753 -0.186508179 0.020270020 0.999780715 -0.005256561 -1.070139408 -0.942754567 0.020863790 0.332834363 87.000038147
0.299371719 0.002096491 0.954134345 0.174625397 0.017512592 0.999817073 -0.007691667 -1.080135703 -0.953975916 0.019012030 0.299280226 87.097869873
0.268253505 0.009373054 0.963302732 0.546714783 0.007271593 0.999904454 -0.011754135 -1.095291495 -0.963320911 0.010157834 0.268159747 87.202041626
0.240612566 0.014254968 0.970516622 0.934989929 0.002129954 0.999881983 -0.015214351 -1.110660315 -0.970618963 0.005727921 0.240553796 87.286697388
0.215068936 0.015751718 0.976471901 1.325660706 0.003727386 0.999849379 -0.016949788 -1.124883056 -0.976591825 0.007285061 0.214977801 87.349815369
0.191351712 0.017204756 0.981370807 1.733238220 0.010435155 0.999754190 -0.019561732 -1.136094928 -0.981466115 0.013983927 0.191125095 87.405654907
0.171443045 0.023215437 0.984920561 2.151969910 0.017465359 0.999493599 -0.026599100 -1.138852119 -0.985039294 0.021762224 0.170950711 87.451667786
0.151693761 0.030444197 0.987958550 2.576515198 0.019617334 0.999235928 -0.033803809 -1.133666039 -0.988232851 0.024508940 0.150980592 87.506561279
0.134303272 0.031041451 0.990454078 3.015464783 0.017391063 0.999281466 -0.033676300 -1.147071600 -0.990787745 0.021747885 0.133666873 87.560356140
0.118690193 0.026862036 0.992567956 3.476074219 0.015445051 0.999463081 -0.028895544 -1.169577599 -0.992811263 0.018759880 0.118211567 87.612686157
0.104186416 0.023538280 0.994279146 3.943916321 0.015248068 0.999564588 -0.025261186 -1.192211628 -0.994440854 0.017792709 0.103782117 87.656120300
0.091058314 0.021024216 0.995623708 4.428291321 0.017761711 0.999583781 -0.022732306 -1.207443714 -0.995687246 0.019753948 0.090646982 87.687019348
0.079411864 0.020165537 0.996638000 4.921813965 0.020985518 0.999539971 -0.021896379 -1.224236965 -0.996621072 0.022653798 0.078952193 87.713439941
0.069109738 0.020947246 0.997389078 5.444343567 0.024230143 0.999449372 -0.022669436 -1.239149928 -0.997314692 0.025733560 0.068564117 87.745590210
0.061310291 0.021378024 0.997889936 5.983688354 0.026616959 0.999380052 -0.023045296 -1.251142025 -0.997763932 0.027973708 0.060703278 87.771217346
0.055898070 0.021737752 0.998199940 6.532417297 0.028397107 0.999323905 -0.023352442 -1.266101122 -0.998032689 0.029651346 0.055242956 87.796920776
0.050097346 0.022715226 0.998486042 7.095077515 0.029584024 0.999268889 -0.024217369 -1.283323050 -0.998306155 0.030752463 0.049388766 87.823417664
0.044119239 0.023531863 0.998749137 7.692100525 0.029877523 0.999244273 -0.024863359 -1.296400905 -0.998579443 0.030937104 0.043382823 87.848327637
0.039901257 0.023543052 0.998926282 8.293876648 0.032458458 0.999164224 -0.024845190 -1.311556339 -0.998676360 0.033414964 0.039103746 87.864143372
0.036922753 0.023618076 0.999038994 8.910392761 0.033755079 0.999120712 -0.024867537 -1.330141425 -0.998747885 0.034640815 0.036093056 87.885459900
0.033995092 0.023344597 0.999149382 9.549842834 0.034711834 0.999096394 -0.024524400 -1.347251892 -0.998819053 0.035516016 0.033154070 87.905754089
0.031478465 0.022346463 0.999254584 10.205467224 0.036933348 0.999041259 -0.023505162 -1.368976831 -0.998821795 0.037645724 0.030622959 87.920700073
0.030902028 0.022056520 0.999279022 10.880416870 0.041485958 0.998866677 -0.023330346 -1.388030171 -0.998661101 0.042177003 0.029951930 87.934806824
0.031844676 0.021490648 0.999261856 11.567512512 0.045094877 0.998719811 -0.022916090 -1.408651590 -0.998475075 0.045791343 0.030834794 87.954513550
0.034279943 0.021568524 0.999179482 12.280036926 0.046498597 0.998650014 -0.023152368 -1.425902247 -0.998329937 0.047254104 0.033230722 87.974723816
0.038088322 0.021705793 0.999038696 13.002914429 0.049190510 0.998511255 -0.023569727 -1.443701267 -0.998062968 0.050040953 0.036963880 88.002616882
0.042648673 0.021001415 0.998869479 13.741325378 0.049695246 0.998496890 -0.023115423 -1.465875745 -0.997853518 0.050624900 0.041540861 88.034202576
0.046368718 0.019181665 0.998740196 14.499130249 0.051109921 0.998460531 -0.021549184 -1.489113569 -0.997616053 0.052044742 0.045316935 88.076004028
0.050245464 0.017738283 0.998579383 15.271987915 0.050723076 0.998506665 -0.020289220 -1.510331988 -0.997448027 0.051670458 0.049270689 88.113998413
0.054503500 0.015485524 0.998393595 16.052253723 0.047718145 0.998696923 -0.018095233 -1.532692432 -0.997372866 0.048627742 0.053693593 88.164070129
0.058378160 0.014660573 0.998186946 16.850128174 0.047004465 0.998742819 -0.017417761 -1.548410535 -0.997187376 0.047936060 0.057615697 88.221015930
0.062439203 0.015568365 0.997927368 17.655426025 0.044189148 0.998854697 -0.018347699 -1.572469115 -0.997070074 0.045243174 0.061679780 88.278930664
0.065402210 0.019708334 0.997664452 18.457950592 0.042325895 0.998850346 -0.022506457 -1.598255634 -0.996961057 0.043699011 0.064492881 88.341896057
0.066722572 0.025117138 0.997455478 19.262462616 0.036420394 0.998955607 -0.027591182 -1.623287678 -0.997106731 0.038168676 0.065738142 88.409912109
0.066249251 0.028061964 0.997408509 20.070510864 0.033007663 0.998995721 -0.030299038 -1.654538751 -0.997257054 0.034929410 0.065256417 88.472930908
0.066634893 0.027821798 0.997389436 20.879718781 0.030888122 0.999074578 -0.029932415 -1.681468368 -0.997299194 0.032802030 0.065713882 88.526115417
0.066527367 0.025972610 0.997446537 21.689720154 0.028083453 0.999216378 -0.027891800 -1.714043140 -0.997389317 0.029867312 0.065745890 88.588195801
0.066556215 0.024402117 0.997484207 22.522846222 0.028775373 0.999238133 -0.026365034 -1.752471089 -0.997367680 0.030457739 0.065803289 88.647132874
0.066567123 0.023922537 0.997495174 23.333435059 0.026508965 0.999317229 -0.025735294 -1.781974792 -0.997429788 0.028155690 0.065887511 88.715278625
0.066963732 0.024127837 0.997463703 24.152873993 0.025157515 0.999348879 -0.025862366 -1.811800122 -0.997438252 0.026825547 0.066313148 88.774078369
0.066757083 0.024511609 0.997468174 24.966793060 0.021575667 0.999428988 -0.026003780 -1.852493048 -0.997536004 0.023256978 0.066190124 88.842781067
0.065624714 0.026076445 0.997503579 25.777523041 0.018617244 0.999452472 -0.027352201 -1.882509589 -0.997670710 0.020365749 0.065103292 88.899017334
0.062739313 0.025602819 0.997701645 26.590198517 0.015256290 0.999529481 -0.026609108 -1.914974570 -0.997913480 0.016890666 0.062319219 88.958595276
0.059301615 0.024258461 0.997945368 27.412506104 0.013195333 0.999598265 -0.025082758 -1.946863055 -0.998152912 0.014655668 0.058957696 89.010620117
0.053654611 0.021879328 0.998319983 28.221202850 0.010734690 0.999689519 -0.022486284 -1.977931499 -0.998502016 0.011923150 0.053403139 89.071113586
0.048457861 0.019892057 0.998627126 29.044441223 0.009480083 0.999747455 -0.020374389 -2.004800081 -0.998780251 0.010454370 0.048257053 89.096168518
0.041090190 0.020179212 0.998951733 29.851264954 0.009298882 0.999745011 -0.020577732 -2.031819820 -0.999112248 0.010134679 0.040892065 89.130088806
0.032436550 0.021084178 0.999251366 30.655658722 0.008858451 0.999732137 -0.021381876 -2.060899734 -0.999434531 0.009545373 0.032241046 89.155929565
0.021991193 0.021577632 0.999525309 31.457069397 0.009328054 0.999719143 -0.021787049 -2.087793350 -0.999714673 0.009802749 0.021783769 89.178451538
0.012084901 0.020515453 0.999716520 32.251617432 0.010973603 0.999726593 -0.020648312 -2.118080139 -0.999866784 0.011220025 0.011856437 89.181541443
0.001170754 0.019624919 0.999806762 33.047328949 0.009608713 0.999761045 -0.019635273 -2.144853354 -0.999953210 0.009629844 0.000981867 89.185997009
-0.009892344 0.018590817 0.999778211 33.835556030 0.011196594 0.999766529 -0.018479815 -2.173032999 -0.999888361 0.011011302 -0.010098219 89.176338196
-0.020973802 0.019277669 0.999594152 34.617210388 0.011333667 0.999754429 -0.019042954 -2.195461035 -0.999715745 0.010929664 -0.021187186 89.161743164
-0.032283664 0.019939883 0.999279797 35.392795563 0.011319443 0.999744117 -0.019583451 -2.220635414 -0.999414623 0.010679065 -0.032501101 89.138641357
-0.042419910 0.020858431 0.998882234 36.164875031 0.011016068 0.999731064 -0.020408336 -2.250444651 -0.999039292 0.010138035 -0.042638302 89.097717285
-0.052927971 0.021975750 0.998356640 36.929100037 0.011472469 0.999705255 -0.021397224 -2.273955822 -0.998532593 0.010321106 -0.053164482 89.057693481
-0.062479496 0.022578932 0.997790873 37.684703827 0.012647032 0.999681711 -0.021829793 -2.303809166 -0.997966170 0.011255180 -0.062745094 89.006973267
-0.072183847 0.022990080 0.997126400 38.483161926 0.013264381 0.999668002 -0.022088449 -2.331592560 -0.997303188 0.011631836 -0.072464824 88.955482483
-0.081673503 0.023510773 0.996381879 39.225887299 0.013853974 0.999651909 -0.022452325 -2.357798576 -0.996562958 0.011970090 -0.081970811 88.897644043
-0.090171337 0.023059193 0.995659411 39.953201294 0.015115281 0.999648452 -0.021782676 -2.381817818 -0.995811701 0.013085501 -0.090488076 88.825866699
-0.097997308 0.021754354 0.994948924 40.695980072 0.016890496 0.999653399 -0.020193592 -2.411924839 -0.995043397 0.014826261 -0.098330736 88.759918213
-0.102563262 0.020316791 0.994519114 41.438255310 0.019854534 0.999634027 -0.018373718 -2.438333511 -0.994528472 0.017861243 -0.102929115 88.664489746
-0.105920672 0.018785333 0.994197130 42.142078400 0.023237890 0.999595225 -0.016411593 -2.462221146 -0.994103014 0.021364717 -0.106314301 88.574554443
-0.109099269 0.017549006 0.993876040 42.850902557 0.024444124 0.999589145 -0.014966621 -2.483694553 -0.993730366 0.022661582 -0.109483361 88.505126953
-0.110894203 0.016552407 0.993694425 43.534385681 0.024511144 0.999602675 -0.013915432 -2.506959915 -0.993529975 0.022813443 -0.111255884 88.432113647
-0.111689091 0.017050074 0.993597031 44.210731506 0.025260480 0.999578416 -0.014313216 -2.526474714 -0.993422210 0.023500105 -0.112072706 88.357986450
-0.110660434 0.017954048 0.993696213 44.857265472 0.025867589 0.999550104 -0.015179143 -2.548334837 -0.993521690 0.024024796 -0.111075044 88.284088135
-0.107496858 0.020020554 0.994003832 45.484790802 0.027542872 0.999473453 -0.017152088 -2.560356140 -0.993823826 0.025533926 -0.107991695 88.213012695
-0.102572918 0.020438457 0.994515479 46.103118896 0.027299481 0.999470174 -0.017724650 -2.585030079 -0.994350791 0.025331687 -0.103076577 88.156112671
-0.094426036 0.021221202 0.995305777 46.701911926 0.026767530 0.999465466 -0.018770425 -2.605737925 -0.995172083 0.024869459 -0.094943643 88.101119995
-0.083409429 0.020916900 0.996295929 47.276035309 0.025233215 0.999503434 -0.018871734 -2.631348610 -0.996195972 0.023565669 -0.083895802 88.061828613
-0.069586873 0.021328831 0.997347951 47.853645325 0.024571976 0.999504745 -0.019660525 -2.652016878 -0.997273326 0.023138694 -0.070076466 88.033393860
-0.053373337 0.022066258 0.998330891 48.377265930 0.022962529 0.999518573 -0.020864880 -2.686834097 -0.998310685 0.021810574 -0.053854346 88.037933350
-0.031807780 0.024992904 0.999181509 48.905338287 0.021595681 0.999471128 -0.024312677 -2.702133179 -0.999260724 0.020804673 -0.032330751 88.024749756
-0.007135510 0.027992276 0.999582708 49.427314758 0.019742941 0.999417245 -0.027846709 -2.725878716 -0.999779701 0.019536003 -0.007683992 88.041496277
0.020971060 0.029624907 0.999341130 49.952129364 0.018241091 0.999383152 -0.030008942 -2.747250795 -0.999613702 0.018858392 0.020417750 88.078750610
0.054183304 0.028898234 0.998112738 50.459320068 0.015344315 0.999439001 -0.029769611 -2.772303343 -0.998413086 0.016928373 0.053709447 88.126190186
0.093329072 0.026573282 0.995280623 50.915061951 0.014022049 0.999509513 -0.028001061 -2.791675091 -0.995536566 0.016569188 0.092910707 88.164855957
0.135053098 0.023198411 0.990566850 51.472938538 0.012674966 0.999603629 -0.025138143 -2.809179783 -0.990757406 0.015950385 0.134705484 88.273628235
0.180713296 0.018602312 0.983359993 51.952625275 0.010008175 0.999734581 -0.020751288 -2.832817793 -0.983484983 0.013591672 0.180479109 88.385162354
0.228865802 0.015811037 0.973329663 52.435752869 0.005655976 0.999829590 -0.017571442 -2.845657825 -0.973441660 0.009526634 0.228737354 88.533569336
0.280616939 0.013906578 0.959719241 52.905395508 0.000987594 0.999890327 -0.014777438 -2.868862867 -0.959819496 0.005094615 0.280572474 88.700256348
0.335257351 0.013436157 0.942030847 53.355979919 -0.000110677 0.999898851 -0.014222139 -2.886694193 -0.942126632 0.004663815 0.335224926 88.895996094
0.390384972 0.013996256 0.920545280 53.771553040 0.002452616 0.999865055 -0.016242364 -2.905141592 -0.920648396 0.008598519 0.390297949 89.137130737
0.450717092 0.017544087 0.892494440 54.185447693 0.003319253 0.999767005 -0.021329032 -2.916955948 -0.892660677 0.012575774 0.450553834 89.377410889
0.511289239 0.019657211 0.859183908 54.587184906 0.004638935 0.999660671 -0.025631743 -2.946226835 -0.859396219 0.017090933 0.511024594 89.640197754
0.569431186 0.025501993 0.821643353 54.951770782 0.000530686 0.999507070 -0.031390276 -2.941366673 -0.822038889 0.018310638 0.569136977 89.936553955
0.624150753 0.027459983 0.780821264 55.262084961 -0.002349198 0.999443591 -0.033270679 -2.961221457 -0.781300426 0.018931618 0.623867989 90.266021729
0.677741885 0.028223682 0.734758019 55.586063385 -0.004106923 0.999392807 -0.034600656 -2.980055332 -0.735288441 0.020432720 0.677446246 90.602478027
0.726174355 0.025972320 0.687019885 55.874652863 -0.004371172 0.999440372 -0.033162877 -3.001502752 -0.687496722 0.021078950 0.725881577 90.968948364
0.770788789 0.023905437 0.636642098 56.126632690 -0.007634483 0.999570608 -0.028289989 -3.012065887 -0.637045026 0.016945172 0.770640314 91.351921082
0.811878443 0.020299153 0.583473563 56.362125397 -0.008697155 0.999704957 -0.022678204 -3.012044191 -0.583761811 0.013337385 0.811815441 91.762344360
0.848881602 0.017984580 0.528276980 56.587909698 -0.011074033 0.999806762 -0.016242545 -3.022538900 -0.528467000 0.007937841 0.848916709 92.183975220
0.879821241 0.014734258 0.475076288 56.770984650 -0.012023859 0.999889493 -0.008743402 -3.033616781 -0.475152612 0.001980381 0.879901171 92.617523193
0.905361533 0.016545378 0.424319088 56.937618256 -0.016669726 0.999855220 -0.003419249 -3.039951801 -0.424314231 -0.003977626 0.905506253 93.065994263
0.925147951 0.017303573 0.379212230 57.033409119 -0.019097127 0.999817193 0.000968480 -3.065495968 -0.379126132 -0.008137850 0.925309241 93.432891846
0.940342903 0.022964040 0.339452386 57.166530609 -0.025551422 0.999668539 0.003154109 -3.065194607 -0.339267433 -0.011639435 0.940617979 93.915168762
0.952193618 0.027452899 0.304259151 57.276805878 -0.029497411 0.999562621 0.002124357 -3.065528393 -0.304067731 -0.010997655 0.952586949 94.378181458
0.961327672 0.029792558 0.273790926 57.380268097 -0.031648863 0.999496281 0.002364504 -3.066620111 -0.273582548 -0.010938236 0.961786330 94.837753296
0.967421651 0.024671851 0.251965553 57.493911743 -0.026177995 0.999653876 0.002626741 -3.073395014 -0.251813531 -0.009137119 0.967732668 95.307800293
0.971489727 0.021065911 0.236143798 57.604278564 -0.022527268 0.999740124 0.003491827 -3.082911015 -0.236008868 -0.008711948 0.971711874 95.803131104
0.974344850 0.026475603 0.223497614 57.701591492 -0.027961617 0.999602914 0.003486249 -3.091830254 -0.223316565 -0.009646163 0.974698246 96.296340942
0.976334929 0.030886149 0.214047149 57.789035797 -0.032461319 0.999465585 0.003847174 -3.083908081 -0.213813946 -0.010704382 0.976815760 96.820816040
0.977451503 0.037743304 0.207759410 57.885520935 -0.039024875 0.999236107 0.002071878 -3.073927402 -0.207522497 -0.010132944 0.978177786 97.299743652
0.977750003 0.043691717 0.205172926 57.975517273 -0.044338856 0.999015510 -0.001444564 -3.079664469 -0.205034047 -0.007684709 0.978724658 97.818115234
0.977872372 0.045370657 0.204223320 58.084423065 -0.045510978 0.998955786 -0.004012043 -3.086678982 -0.204192102 -0.005371137 0.978916109 98.353012085
0.977351367 0.043544676 0.207094491 58.191375732 -0.042849664 0.999050736 -0.007842608 -3.092175245 -0.207239419 -0.001208945 0.978289485 98.896675110
0.976589382 0.042382725 0.210895345 58.316329956 -0.040274534 0.999086559 -0.014283513 -3.099541664 -0.211308077 0.005455417 0.977404296 99.453056335
0.975835919 0.042604610 0.214310735 58.455905914 -0.039485633 0.999042988 -0.018815385 -3.109528542 -0.214907259 0.009898535 0.976584315 99.992385864
0.974648118 0.047265634 0.218693778 58.577495575 -0.044278100 0.998847127 -0.018544527 -3.118576527 -0.219318166 0.008391044 0.975617290 100.567337036
0.973121822 0.050680265 0.224645033 58.699329376 -0.048640970 0.998709500 -0.014606472 -3.128960133 -0.225095391 0.003286924 0.974331200 101.160888672
0.972150326 0.047048416 0.229586989 58.842662811 -0.045974310 0.998892307 -0.010028264 -3.144857407 -0.229804486 -0.000806123 0.973236501 101.770309448
0.971479356 0.043213196 0.233153254 59.001621246 -0.043436006 0.999047458 -0.004181147 -3.156941414 -0.233111843 -0.006065347 0.972431004 102.396095276
0.970670104 0.040678274 0.236949071 59.155502319 -0.041964766 0.999119043 0.000386184 -3.164846182 -0.236724615 -0.010318370 0.971521974 103.027183533
0.970079839 0.035819847 0.240129203 59.312671661 -0.037188791 0.999307573 0.001170429 -3.174330950 -0.239921004 -0.010065525 0.970740259 103.658515930
0.970145285 0.032386675 0.240352303 59.472061157 -0.032848351 0.999458194 -0.002086319 -3.180674791 -0.240289643 -0.005871143 0.970683455 104.298446655
0.970313072 0.032103978 0.239712134 59.637901306 -0.030843224 0.999483645 -0.009010042 -3.188456297 -0.239877611 0.001349066 0.970802188 104.943572998
0.970394313 0.034264237 0.239083439 59.791809082 -0.031361897 0.999381065 -0.015934300 -3.196350098 -0.239481449 0.007964445 0.970868289 105.604873657
0.970970929 0.037302736 0.236270934 59.949279785 -0.033638533 0.999243379 -0.019521978 -3.205861807 -0.236820400 0.011007467 0.971491098 106.281967163
0.971582651 0.035877757 0.233965784 60.108676910 -0.033236716 0.999331594 -0.015222565 -3.215423584 -0.234355554 0.007013726 0.972125649 106.975418091
0.972106576 0.031421024 0.232425258 60.286808014 -0.030535297 0.999506235 -0.007408603 -3.230650187 -0.232543275 0.000104777 0.972586036 107.661560059
0.972717404 0.031950213 0.229782611 60.454936981 -0.032432515 0.999472499 -0.001678498 -3.240544796 -0.229715034 -0.005819724 0.973240554 108.383308411
0.972975194 0.035021193 0.228238344 60.612033844 -0.035453804 0.999368906 -0.002205676 -3.256049395 -0.228171542 -0.005945849 0.973602772 109.109504700
0.973275185 0.040919490 0.225966856 60.770656586 -0.040390812 0.999159694 -0.006964432 -3.261901855 -0.226061955 -0.002348676 0.974110067 109.835678101
0.974146307 0.041849513 0.222008049 60.934745789 -0.040134031 0.999119401 -0.012234877 -3.270627499 -0.222324565 0.003008484 0.974968076 110.579513550
0.975045800 0.040442321 0.218288958 61.098300934 -0.038043864 0.999160767 -0.015181123 -3.283143282 -0.218719721 0.006497735 0.975766063 111.337608337
0.976011038 0.038240347 0.214336574 61.265518188 -0.036191955 0.999253988 -0.013474472 -3.300010204 -0.214691952 0.005393974 0.976666927 112.107398987
0.976860404 0.034765955 0.211033434 61.433128357 -0.033051327 0.999385774 -0.011647763 -3.309805393 -0.211308748 0.004403303 0.977409422 112.886505127
0.977264583 0.033493932 0.209361270 61.595710754 -0.032414407 0.999437630 -0.008586338 -3.329751253 -0.209531114 0.001604804 0.977800667 113.672203064
0.977595210 0.030405760 0.208286092 61.766681671 -0.029702645 0.999537647 -0.006503252 -3.339768887 -0.208387509 0.000170900 0.978046298 114.469970703
0.977775216 0.025707671 0.208073869 61.933769226 -0.025146814 0.999669492 -0.005340615 -3.350131750 -0.208142400 -0.000010474 0.978098512 115.262161255
0.977882922 0.026449842 0.207473814 62.102024078 -0.026203467 0.999648869 -0.003936084 -3.359646559 -0.207505077 -0.001587503 0.978232682 116.076263428
0.977673233 0.031530496 0.207751930 62.266845703 -0.031005815 0.999502480 -0.005782163 -3.375453949 -0.207830891 -0.000788452 0.978164434 116.893898010
0.977430403 0.037010856 0.207990408 62.435970306 -0.035887063 0.999313712 -0.009175188 -3.383456469 -0.208187252 0.001503943 0.978087842 117.717506409
0.976814032 0.045737866 0.209146962 62.594928741 -0.044487234 0.998952866 -0.010682519 -3.393719196 -0.209416538 0.001130465 0.977825880 118.554405212
0.975903094 0.051606487 0.212013870 62.760856628 -0.050612178 0.998667121 -0.010117830 -3.409359455 -0.212253436 -0.000856461 0.977214277 119.382339478
0.975145519 0.054052789 0.214871004 62.934459686 -0.053569704 0.998531461 -0.008075327 -3.428895950 -0.214991957 -0.003635958 0.976609051 120.216590881
0.974501014 0.055195376 0.217488378 63.111450195 -0.054597229 0.998470008 -0.008763090 -3.451375723 -0.217639312 -0.003334622 0.976023555 121.042182922
0.974197745 0.053292166 0.219314203 63.295089722 -0.051989414 0.998578966 -0.011711364 -3.464775085 -0.219626680 0.000007168 0.975583971 121.871299744
0.974207222 0.047240376 0.220654994 63.489044189 -0.046090227 0.998883545 -0.010360972 -3.482187510 -0.220898107 -0.000076303 0.975296915 122.709999084
0.974453032 0.040476069 0.220913887 63.683750153 -0.038749516 0.999175131 -0.012145444 -3.500601292 -0.221223265 0.003274859 0.975217700 123.550491333
0.974177420 0.039833039 0.222242445 63.870555878 -0.038089558 0.999200761 -0.012127361 -3.520843029 -0.222547874 0.003349086 0.974916041 124.389137268
0.973792434 0.041601449 0.223601535 64.069450378 -0.040660173 0.999134183 -0.008814176 -3.545920372 -0.223774612 -0.000508499 0.974640787 125.213821411
0.973358095 0.043509278 0.225124359 64.250473022 -0.043910824 0.999030232 -0.003225460 -3.559651852 -0.225046396 -0.006745868 0.974324703 126.053413391
0.972998023 0.047420066 0.225889847 64.434837341 -0.048899751 0.998803258 0.000956407 -3.578319550 -0.225574151 -0.011976539 0.974152386 126.888839722
0.972718418 0.046634354 0.227253541 64.616447449 -0.046663698 0.998896897 -0.005246448 -3.598407745 -0.227247521 -0.005501173 0.973821521 127.710670471
0.973092377 0.042161539 0.226525068 64.819572449 -0.038652450 0.999054432 -0.019906262 -3.613238335 -0.227150157 0.010614883 0.973801911 128.529159546
