1.000000000 0.000000000 0.000000000 0.000000000 0.000000000 1.000000000 0.000000000 0.000000000 0.000000000 0.000000000 1.000000000 0.000000000
0.999932408 -0.002611675 0.011328906 0.011809775 0.002597528 0.999995828 0.001263291 -0.008285590 -0.011332158 -0.001233779 0.999935031 0.295114636
0.999830544 -0.004855346 0.017757969 0.024529360 0.004829517 0.999987245 0.001497131 -0.015009063 -0.017765012 -0.001411115 0.999841213 0.591443837
0.999781668 -0.007606875 0.019461442 0.035923872 0.007612611 0.999970973 -0.000220693 -0.011574585 -0.019459197 0.000368797 0.999810576 0.897543609
0.999809802 -0.009263037 0.017163083 0.042053897 0.009293280 0.999955416 -0.001683140 -0.014327129 -0.017146727 0.001842321 0.999851286 1.216806293
0.999884069 -0.011831941 0.009582448 0.051414885 0.011864767 0.999923885 -0.003376156 -0.014633424 -0.009541772 0.003489458 0.999948382 1.531174064
0.999908864 -0.013301655 -0.002311541 0.039711431 0.013289528 0.999898255 -0.005184519 -0.018664923 0.002380268 0.005153327 0.999983907 1.881703496
0.999753535 -0.012517906 -0.018336546 0.022581017 0.012419234 0.999907851 -0.005485222 -0.026186509 0.018403519 0.005256144 0.999816835 2.242614269
0.999258578 -0.007895405 -0.037682824 -0.013472131 0.007689541 0.999954700 -0.005604880 -0.030455168 0.037725370 0.005310961 0.999274015 2.593443871
0.998335242 -0.004369661 -0.057512432 -0.055327609 0.003995425 0.999970078 -0.006620427 -0.038293075 0.057539642 0.006379619 0.998322845 2.958734512
0.996953011 -0.003994335 -0.077902377 -0.093148567 0.003462288 0.999969780 -0.006963533 -0.043262042 0.077927835 0.006672594 0.996936679 3.339817286
0.995145738 -0.005596114 -0.098252892 -0.150522992 0.004969376 0.999965727 -0.006622392 -0.048166528 0.098286584 0.006101990 0.995139420 3.725400686
0.992954016 -0.007048324 -0.118290752 -0.207376540 0.006360013 0.999960601 -0.006195292 -0.050425675 0.118329756 0.005399309 0.992959678 4.124118805
0.990625262 -0.006118053 -0.136470452 -0.275073498 0.005401398 0.999969602 -0.005621038 -0.056010399 0.136500701 0.004831211 0.990628183 4.531027794
0.988356411 -0.004654718 -0.152085289 -0.357047975 0.003934743 0.999979556 -0.005034641 -0.063664481 0.152105615 0.004377603 0.988354564 4.951498032
0.986428618 -0.003950843 -0.164143324 -0.453953564 0.003229338 0.999983907 -0.004662194 -0.078656152 0.164159104 0.004068847 0.986425459 5.373847485
0.984337389 -0.005254600 -0.176216543 -0.544653773 0.004327652 0.999974728 -0.005644176 -0.085010648 0.176241755 0.004793170 0.984335244 5.819870949
0.982498169 -0.009265496 -0.186041802 -0.636000931 0.007922680 0.999936938 -0.007960003 -0.091791488 0.186103821 0.006346738 0.982509613 6.277396202
0.980950117 -0.008199175 -0.194086820 -0.738572419 0.006353110 0.999928474 -0.010132089 -0.097369894 0.194156021 0.008706019 0.980932057 6.755225658
0.979578435 -0.007859966 -0.200908780 -0.847978771 0.005657032 0.999917448 -0.011536634 -0.108057529 0.200982869 0.010164490 0.979542017 7.223129272
0.977820814 -0.008420138 -0.209273875 -0.959130764 0.005541665 0.999881864 -0.014337131 -0.119094856 0.209369883 0.012859419 0.977751970 7.715333462
0.976102948 -0.012573339 -0.216944665 -1.080606937 0.009354438 0.999830484 -0.015858024 -0.132968038 0.217107281 0.013449669 0.976055086 8.221909523
0.974291921 -0.019310404 -0.224460199 -1.198728561 0.015818484 0.999724448 -0.017344996 -0.145234898 0.224733278 0.013348470 0.974328876 8.734296799
0.972284317 -0.019813314 -0.232960567 -1.336412907 0.015638845 0.999682605 -0.019752787 -0.161931872 0.233277977 0.015562092 0.972285569 9.267231941
0.970303118 -0.015408502 -0.241400898 -1.490339518 0.009884616 0.999661267 -0.024076993 -0.173528835 0.241690099 0.020975826 0.970126748 9.805761337
0.968078315 -0.012574649 -0.250332296 -1.651395798 0.006002797 0.999617457 -0.026998760 -0.192396536 0.250576019 0.024634222 0.967783451 10.365827560
0.965898633 -0.014884066 -0.258492351 -1.811024785 0.007687816 0.999554813 -0.028827889 -0.213782117 0.258806378 0.025857577 0.965583086 10.933158875
0.963547170 -0.017725453 -0.266950667 -1.972400546 0.009790300 0.999470592 -0.031026907 -0.237655744 0.267359316 0.027282361 0.963210583 11.518962860
0.961319149 -0.017482713 -0.274881512 -2.153659821 0.008649329 0.999407470 -0.033314675 -0.262762159 0.275301069 0.029648496 0.960900784 12.105528831
0.959022939 -0.016770989 -0.282831579 -2.344217300 0.006618207 0.999300182 -0.036814276 -0.292897940 0.283251077 0.033433899 0.958462834 12.714445114
0.956808090 -0.017467787 -0.290195018 -2.544758081 0.005557821 0.999109924 -0.041814886 -0.323572904 0.290667117 0.038395971 0.956053555 13.326391220
0.954993784 -0.019316144 -0.295996159 -2.746431589 0.004820202 0.998756289 -0.049625169 -0.356903344 0.296586573 0.045964967 0.953899145 13.944794655
0.953706026 -0.020148972 -0.300064713 -2.956591845 0.003125474 0.998363256 -0.057105053 -0.401043653 0.300724208 0.053523589 0.952208042 14.577409744
0.952533782 -0.019764042 -0.303790748 -3.174749136 -0.000299821 0.997829020 -0.065856919 -0.442737877 0.304432839 0.062822022 0.950459898 15.212793350
0.951087236 -0.020197457 -0.308261484 -3.399553776 -0.002985039 0.997213006 -0.074547738 -0.492939949 0.308908045 0.071821570 0.948376238 15.863459587
0.949833632 -0.019640282 -0.312138319 -3.631443262 -0.006189738 0.996650338 -0.081546284 -0.546873510 0.312694341 0.079387456 0.946530461 16.523164749
0.948241174 -0.017970258 -0.317042142 -3.874395609 -0.010566578 0.996059000 -0.088061191 -0.608814359 0.317375183 0.086853303 0.944314301 17.203269958
0.946611404 -0.016671240 -0.321945488 -4.121325970 -0.014448592 0.995464444 -0.094030924 -0.677728117 0.322052896 0.093662404 0.942077100 17.875637054
0.945035875 -0.014688007 -0.326636642 -4.374577045 -0.018685145 0.994931877 -0.098799989 -0.754921675 0.326432407 0.099472791 0.939971864 18.553310394
0.943463266 -0.011971487 -0.331260890 -4.647415161 -0.023203546 0.994511008 -0.102026738 -0.829279900 0.330664009 0.103944905 0.938006818 19.252153397
0.941793561 -0.010451772 -0.336029202 -4.920358658 -0.025836295 0.994310617 -0.103338547 -0.907135546 0.335197479 0.106005326 0.936165333 19.961170197
0.939502299 -0.010733815 -0.342374355 -5.198765278 -0.026029864 0.994381785 -0.102602974 -0.993973017 0.341552138 0.105307691 0.933944583 20.698530197
0.937221944 -0.010605944 -0.348572105 -5.483535290 -0.026318377 0.994535804 -0.101024017 -1.080376506 0.347738892 0.103855781 0.931821704 21.431718826
0.934687555 -0.010710923 -0.355308920 -5.777385235 -0.026320459 0.994716823 -0.099225603 -1.165985584 0.354494572 0.102096833 0.929467499 22.165716171
0.931669712 -0.009580105 -0.363180012 -6.089544773 -0.027312107 0.994976580 -0.096309952 -1.248847961 0.362278283 0.099648282 0.926727951 22.920385361
0.928371251 -0.007611959 -0.371576160 -6.398717880 -0.028083878 0.995494962 -0.090559989 -1.336989760 0.370591521 0.094508596 0.923975110 23.655141830
0.925023615 -0.003830784 -0.379890263 -6.732249260 -0.030982256 0.995857775 -0.085483193 -1.417026162 0.378644139 0.090843834 0.921073318 24.409807205
0.921504498 -0.000197543 -0.388367683 -7.077145576 -0.034194343 0.996074975 -0.081641734 -1.495582104 0.386859477 0.088513196 0.917880774 25.160257339
0.917831063 0.001056436 -0.396969825 -7.428488255 -0.035727926 0.996157944 -0.079955257 -1.570950866 0.395360172 0.087568328 0.914342463 25.930150986
0.913895249 0.000814226 -0.405949324 -7.794374943 -0.036154684 0.996187329 -0.079395317 -1.646065593 0.404336929 0.087235972 0.910440326 26.708707809
0.910241961 0.000848058 -0.414075941 -8.174377441 -0.036619350 0.996244609 -0.078458071 -1.714673042 0.412454396 0.086579017 0.906854749 27.494409561
0.906291366 0.001471985 -0.422650963 -8.554279327 -0.037313759 0.996367931 -0.076541886 -1.790917277 0.421003193 0.085139945 0.903054535 28.287500381
0.902602077 0.000570660 -0.430475533 -8.950399399 -0.036030117 0.996590436 -0.074225239 -1.873746395 0.428965420 0.082505934 0.899545133 29.078443527
0.898890972 0.001375611 -0.438170195 -9.367349625 -0.035645865 0.996910155 -0.069996506 -1.948176622 0.436720043 0.078538187 0.896162570 29.896686554
0.895161629 0.002880708 -0.445732445 -9.771967888 -0.035260353 0.997303128 -0.064367712 -2.016622543 0.444344908 0.073336191 0.892849028 30.686326981
0.891585112 0.003359815 -0.452840686 -10.203619003 -0.034324601 0.997597277 -0.060179144 -2.084786654 0.451550454 0.069198407 0.889558196 31.501501083
0.887907565 0.002294576 -0.460016221 -10.641323090 -0.032901391 0.997743428 -0.058528360 -2.150106430 0.458843857 0.067102946 0.885979414 32.334590912
0.884554267 0.001513262 -0.466434807 -11.096194267 -0.032008536 0.997834325 -0.057464201 -2.214861155 0.465337723 0.065760098 0.882687032 33.182334900
0.881605268 0.002271727 -0.471981972 -11.579811096 -0.032317203 0.997932136 -0.055561423 -2.276685715 0.470879734 0.064236380 0.879855633 34.034431458
0.878491104 0.000084109 -0.477758706 -12.039023399 -0.029484877 0.998103321 -0.054040357 -2.340753555 0.476848006 0.061560631 0.876827359 34.883743286
0.876185179 -0.000121578 -0.481974632 -12.584526062 -0.029636331 0.998094141 -0.054127876 -2.409211636 0.481062621 0.061710000 0.874511659 35.764991760
0.873978257 -0.001972861 -0.485960990 -13.054270744 -0.028217457 0.998098552 -0.054799784 -2.461421013 0.485145062 0.061606403 0.872260809 36.620040894
0.872637868 -0.001582087 -0.488365352 -13.576800346 -0.029154653 0.998042464 -0.055328343 -2.519904613 0.487496912 0.062519729 0.870883524 37.503551483
0.872151017 -0.001081154 -0.489235610 -14.065073013 -0.029256320 0.998092711 -0.054360352 -2.587419987 0.488361269 0.061723668 0.870455861 38.367103577
0.872045815 -0.000673024 -0.489423782 -14.585668564 -0.028817482 0.998193502 -0.052719083 -2.652250051 0.488575131 0.060077418 0.870451093 39.264587402
0.871591866 -0.001843993 -0.490228802 -15.112729073 -0.027219106 0.998268306 -0.052148618 -2.718747616 0.489476055 0.058795899 0.870032310 40.181888580
0.870982647 -0.004074658 -0.491296858 -15.651636124 -0.025184270 0.998280764 -0.052926686 -2.781755209 0.490667880 0.058471177 0.869382620 41.106567383
0.870041788 -0.006258853 -0.492938221 -16.197929382 -0.023037290 0.998310804 -0.053336676 -2.849024057 0.492439389 0.057761095 0.868427992 42.037910461
0.868444324 -0.006289896 -0.495746881 -16.747779846 -0.022123484 0.998431861 -0.051423516 -2.914782524 0.495292902 0.055626106 0.866943300 42.974464417
0.866490602 -0.005652686 -0.499161392 -17.308950424 -0.021169696 0.998620212 -0.048057068 -2.975109816 0.498744309 0.052208092 0.865175366 43.914398193
0.863799810 -0.005737646 -0.503802478 -17.874162674 -0.018722920 0.998878956 -0.043477491 -3.052526712 0.503487170 0.046988502 0.862724006 44.851261139
0.859584868 -0.006673269 -0.510949433 -18.431388855 -0.016931916 0.998993695 -0.041532427 -3.115775585 0.510712445 0.044351999 0.858606815 45.783966064
0.854761124 -0.009090922 -0.518941998 -19.005193710 -0.016000554 0.998909831 -0.043853965 -3.177918911 0.518774927 0.045788024 0.853683829 46.695487976
0.848694265 -0.013205353 -0.528718889 -19.577928543 -0.013569957 0.998815417 -0.046728905 -3.243568897 0.528709650 0.046833247 0.847509742 47.610691071
0.842986524 -0.012429569 -0.537791073 -20.191682816 -0.014855636 0.998813808 -0.046371035 -3.304105997 0.537729502 0.047079384 0.841801941 48.519672394
0.837390363 -0.009323378 -0.546525836 -20.805692673 -0.015765624 0.999026597 -0.041198947 -3.366621733 0.546377897 0.043115925 0.836428285 49.428504944
0.832391202 -0.004671320 -0.554168761 -21.426856995 -0.018925110 0.999141634 -0.036848709 -3.430291176 0.553865254 0.041160248 0.831588328 50.328735352
0.828465402 -0.004430485 -0.560022712 -22.051609039 -0.020538779 0.999055684 -0.038287681 -3.487901211 0.559663475 0.043222200 0.827592075 51.221271515
0.825163901 -0.006702776 -0.564853609 -22.676774979 -0.020815630 0.998889744 -0.042261638 -3.549943686 0.564509749 0.046630561 0.824108243 52.115264893
0.822061062 -0.008968296 -0.569328785 -23.309659958 -0.023460094 0.998493433 -0.049603004 -3.604809046 0.568915904 0.054133207 0.820612133 52.997138977
0.819174111 -0.009680000 -0.573463261 -23.947288513 -0.023554454 0.998446226 -0.050500467 -3.679651022 0.573061049 0.054876287 0.817673326 53.871929169
0.815987349 -0.008256567 -0.578010857 -24.592420578 -0.022843895 0.998656392 -0.046514358 -3.747093201 0.577618301 0.051159147 0.814702332 54.754074097
0.813048422 -0.005869237 -0.582166493 -25.244434357 -0.022474386 0.998887420 -0.041458022 -3.812551975 0.581762135 0.046791214 0.812011957 55.637016296
0.810022473 -0.004379655 -0.586382568 -25.898492813 -0.022708558 0.998987734 -0.038830735 -3.869339466 0.585959017 0.044769667 0.809103012 56.520362854
0.807019711 -0.003793243 -0.590512276 -26.561120987 -0.023830326 0.998955607 -0.038984496 -3.932066202 0.590043485 0.045533359 0.806086481 57.390838623
0.803671241 -0.004979679 -0.595052660 -27.233314514 -0.023924714 0.998886108 -0.040671587 -3.993036270 0.594592392 0.046923053 0.802656889 58.265838623
0.799631178 -0.007601221 -0.600443304 -27.900205612 -0.022860657 0.998809695 -0.043088607 -4.053046227 0.600056112 0.048181523 0.798505604 59.132835388
0.795560777 -0.008503133 -0.605814099 -28.573085785 -0.022322660 0.998811245 -0.043333523 -4.114238262 0.605462432 0.047997836 0.794425249 59.992893219
0.791177750 -0.008778409 -0.611523330 -29.268474579 -0.021685664 0.998865545 -0.042395223 -4.180505753 0.611201763 0.046803445 0.790089786 60.867530823
0.786077917 -0.008521233 -0.618068695 -29.956768036 -0.021601172 0.998915553 -0.041244928 -4.245847225 0.617749870 0.045772735 0.785041392 61.730407715
0.781087756 -0.009713287 -0.624345779 -30.668771744 -0.021389322 0.998876035 -0.042299170 -4.307909012 0.624054909 0.046393696 0.780001998 62.590953827
0.775955021 -0.011210216 -0.630688608 -31.402276993 -0.020909095 0.998835504 -0.043478951 -4.370701790 0.630441606 0.046924837 0.774817050 63.462669373
0.770548105 -0.012499526 -0.637259305 -32.127468109 -0.020292580 0.998819768 -0.044128321 -4.436766624 0.637058735 0.046934631 0.769384980 64.316329956
0.765057206 -0.014345005 -0.643802583 -32.861248016 -0.019545399 0.998773992 -0.045480978 -4.499799252 0.643665671 0.047378927 0.763838828 65.168212891
0.759195924 -0.016197855 -0.650660634 -33.598415375 -0.018595709 0.998742342 -0.046560790 -4.565026283 0.650596499 0.047448255 0.757939935 66.011405945
0.753054261 -0.017981274 -0.657712698 -34.374462128 -0.016882161 0.998769343 -0.046634845 -4.628123283 0.657741845 0.046222180 0.751823962 66.877342224
0.746785164 -0.018325554 -0.664812863 -35.136634827 -0.015565622 0.998864889 -0.045018576 -4.689714909 0.664883196 0.043967430 0.745652199 67.724327087
0.740565896 -0.018229475 -0.671736419 -35.916286469 -0.015468879 0.998904586 -0.044162013 -4.760876179 0.671805680 0.043095890 0.739472747 68.552230835
0.734041810 -0.020173520 -0.678804576 -36.688339233 -0.013970955 0.998898506 -0.044794280 -4.827908993 0.678960562 0.042364422 0.732951403 69.384140015
0.727705002 -0.021725534 -0.685546100 -37.476539612 -0.013951732 0.998822570 -0.046463247 -4.894376755 0.685748398 0.043376092 0.726545036 70.207962036
0.721847773 -0.020964261 -0.691734254 -38.289546967 -0.015567741 0.998796225 -0.046515796 -4.956619263 0.691876769 0.044346064 0.720652461 71.034751892
0.716657817 -0.020461980 -0.697124720 -39.115734100 -0.015964877 0.998826265 -0.045729719 -5.023853302 0.697242200 0.043902069 0.715489984 71.859703064
0.711833477 -0.020041263 -0.702062309 -39.934921265 -0.016730396 0.998825312 -0.045475993 -5.092422962 0.702149034 0.044117115 0.710662007 72.671379089
0.706807971 -0.021061951 -0.707091868 -40.763755798 -0.016405391 0.998799801 -0.046149787 -5.163050652 0.707215250 0.044219155 0.705614150 73.496215820
0.702064276 -0.022683952 -0.711752236 -41.618446350 -0.017334066 0.998651981 -0.048925739 -5.237394333 0.711902618 0.046686571 0.700724661 74.297668457
0.697176576 -0.025124552 -0.716459155 -42.476352692 -0.016930060 0.998529971 -0.051490538 -5.310193062 0.716699600 0.048027691 0.695726275 75.114212036
0.692086935 -0.025879590 -0.721350074 -43.337989807 -0.017158704 0.998484790 -0.052284867 -5.380068302 0.721610188 0.048563104 0.690594196 75.926261902
0.687365294 -0.025733782 -0.725855887 -44.209056854 -0.016235037 0.998578072 -0.050776742 -5.454492569 0.726130426 0.046686467 0.685970128 76.733421326
0.682390451 -0.025533445 -0.730541825 -45.104236603 -0.016121015 0.998621047 -0.049961634 -5.531140327 0.730810106 0.045870420 0.681037784 77.543548584
0.677209496 -0.026560159 -0.735310733 -45.998020172 -0.015185716 0.998630881 -0.050057348 -5.609445095 0.735633552 0.045065530 0.675879002 78.354263306
0.672869742 -0.027174862 -0.739261746 -46.920211792 -0.015054440 0.998615086 -0.050410978 -5.683194637 0.739607871 0.045049194 0.671528757 79.154640198
0.668957114 -0.028425768 -0.742757320 -47.823699951 -0.013672910 0.998628795 -0.050532505 -5.749561787 0.743175328 0.043959737 0.667651176 79.946235657
0.664827824 -0.028707692 -0.746444762 -48.746204376 -0.013039244 0.998663008 -0.050021335 -5.832927704 0.746882796 0.042988654 0.663564682 80.746734619
0.661227822 -0.031765018 -0.749512374 -49.664905548 -0.010847894 0.998593807 -0.051891442 -5.900538921 0.750106752 0.042442694 0.659953356 81.537277222
0.656773329 -0.035713218 -0.753241897 -50.597885132 -0.008413355 0.998468697 -0.054675929 -5.980474472 0.754041135 0.042246986 0.655467153 82.342712402
0.652071178 -0.039924074 -0.757105887 -51.530620575 -0.004471851 0.998392642 -0.056499187 -6.057183266 0.758144617 0.040227156 0.650844514 83.138595581
0.645520449 -0.043805785 -0.762485683 -52.475582123 0.001034519 0.998403013 -0.056483712 -6.137716293 0.763742328 0.035672583 0.644534826 83.929611206
0.636989176 -0.047474749 -0.769409478 -53.428539276 0.005898704 0.998372734 -0.056718938 -6.225543976 0.770850182 0.031590831 0.636232734 84.720397949
0.628479958 -0.048538882 -0.776309848 -54.404979706 0.008288848 0.998412311 -0.055715434 -6.303931236 0.777781665 0.028581318 0.627884388 85.493125916
0.620032191 -0.047193155 -0.783155739 -55.393325806 0.009063832 0.998553514 -0.052997150 -6.388802052 0.784524024 0.025761545 0.619563043 86.252593994
0.611283660 -0.046808049 -0.790026188 -56.384872437 0.008317080 0.998574257 -0.052728910 -6.478505135 0.791367888 0.025661616 0.610801458 87.000213623
0.601973832 -0.048155811 -0.797062516 -57.390937805 0.007525996 0.998477697 -0.054640707 -6.555965424 0.798480392 0.026893592 0.601419926 87.738197327
0.592413366 -0.050295323 -0.804062724 -58.403888702 0.008149669 0.998372436 -0.056445215 -6.643694401 0.805592954 0.026886057 0.591859043 88.466812134
0.582538366 -0.052141961 -0.811128974 -59.443351746 0.008572312 0.998278856 -0.058016066 -6.724306583 0.812757969 0.026843335 0.581982732 89.206176758
0.572941303 -0.052781019 -0.817895174 -60.486820221 0.011422000 0.998341501 -0.056424528 -6.815958977 0.819516838 0.022985943 0.572593927 89.917037964
0.563228965 -0.052660499 -0.824621081 -61.538475037 0.012513194 0.998396277 -0.055211116 -6.908969879 0.826206088 0.020777857 0.562984645 90.609878540
0.553013563 -0.053188194 -0.831472814 -62.615623474 0.012715838 0.998382807 -0.055407882 -6.997915268 0.833075225 0.020068431 0.552795529 91.321838379
0.542932272 -0.053809110 -0.838050842 -63.688758850 0.011691033 0.998332679 -0.056526352 -7.087582111 0.839695156 0.020892302 0.542656064 92.003700256
0.532903433 -0.054848369 -0.844396591 -64.773345947 0.010926572 0.998259902 -0.057946846 -7.170802116 0.846105516 0.021653706 0.532575369 92.667839050
0.523627162 -0.055504903 -0.850137532 -65.877754211 0.010243094 0.998213470 -0.058863629 -7.265983105 0.851885974 0.022114560 0.523260236 93.319534302
0.514508605 -0.055565957 -0.855682969 -66.964462280 0.009483160 0.998205900 -0.059118979 -7.354240417 0.857432842 0.022302646 0.514112473 93.961555481
0.505908906 -0.053646304 -0.860917091 -68.133178711 0.008571771 0.998327553 -0.057171647 -7.447236061 0.862544358 0.021544063 0.505522668 94.624404907
0.497989297 -0.051984340 -0.865623653 -69.262565613 0.009356434 0.998465598 -0.054579344 -7.539632797 0.867132664 0.019080780 0.497711599 95.261589050
0.490384996 -0.052341122 -0.869932830 -70.398193359 0.009206581 0.998450279 -0.054883830 -7.629129410 0.871457338 0.018905101 0.490106940 95.888107300
0.482536077 -0.055401329 -0.874122202 -71.547637939 0.011252377 0.998307288 -0.057060525 -7.725179195 0.875803828 0.017697807 0.482342660 96.526031494
0.475960433 -0.058873191 -0.877493978 -72.693321228 0.013983362 0.998137355 -0.059382755 -7.815259457 0.879355550 0.015993532 0.475897133 97.134323120
0.469751000 -0.061455883 -0.880657256 -73.858673096 0.015039162 0.997986257 -0.061621554 -7.916861057 0.882670879 0.015702441 0.469729304 97.736633301
0.464515150 -0.064754516 -0.883194566 -75.015190125 0.016558994 0.997783720 -0.064446852 -8.014902115 0.885410428 0.015311730 0.464557946 98.333152771
0.459549487 -0.066169940 -0.885683894 -76.169700623 0.020785285 0.997748911 -0.063757658 -8.128739357 0.887908995 0.010890612 0.459890366 98.925979614
0.455490530 -0.063848235 -0.887948036 -77.327072144 0.022915848 0.997935176 -0.060001764 -8.229324341 0.889945626 0.006982150 0.456013143 99.507263184
0.452063441 -0.061543360 -0.889860153 -78.486083984 0.025746651 0.998101592 -0.055949699 -8.334276199 0.891614139 0.002381898 0.452789783 100.076889038
0.448246419 -0.061131008 -0.891817331 -79.633468628 0.026903247 0.998129547 -0.054896198 -8.425802231 0.893505096 0.000614242 0.449052632 100.653182983
0.445521772 -0.061293744 -0.893170476 -80.790336609 0.028624896 0.998118758 -0.054217447 -8.516340256 0.894813418 -0.001411858 0.446438134 101.217689514
0.442827046 -0.060452655 -0.894566715 -81.942932129 0.030088440 0.998164415 -0.052559204 -8.605405807 0.896102011 -0.003641480 0.443833172 101.788673401
0.441051781 -0.059483878 -0.895508289 -83.104019165 0.031627804 0.998211563 -0.050728727 -8.694662094 0.896924257 -0.005948957 0.442144334 102.335327148
0.438441455 -0.060813449 -0.896699965 -84.269111633 0.034505222 0.998111606 -0.050819773 -8.781040192 0.898097157 -0.008659340 0.439711869 102.893798828
0.437181354 -0.061209675 -0.897288084 -85.407875061 0.036560129 0.998066187 -0.050271373 -8.862703323 0.898629963 -0.010827260 0.438573778 103.419532776
0.433604002 -0.060747392 -0.899053574 -86.539466858 0.039960131 0.998039842 -0.048163362 -8.943843842 0.900217056 -0.015042475 0.435181499 103.984664917
0.431782365 -0.059915140 -0.899985731 -87.641921997 0.041460056 0.998055041 -0.046552837 -9.026663780 0.901024520 -0.017212756 0.433426678 104.507133484
0.429861009 -0.061452892 -0.900801301 -88.757133484 0.044416100 0.997912467 -0.046882540 -9.110652924 0.901801884 -0.019857107 0.431693137 105.029205322
0.428878844 -0.062205456 -0.901217818 -89.858909607 0.045325980 0.997851551 -0.047305394 -9.194665909 0.902224243 -0.020560293 0.430776954 105.539627075
0.428365648 -0.063620977 -0.901363015 -90.947265625 0.045251958 0.997777045 -0.048920542 -9.273145676 0.902471662 -0.019832559 0.430292368 106.040626526
0.428754687 -0.064614087 -0.901107311 -92.013076782 0.044320863 0.997742414 -0.050455075 -9.349932671 0.902333081 -0.018305006 0.430650473 106.539367676
0.430927396 -0.064352781 -0.900089145 -93.077438354 0.042569801 0.997793138 -0.050957475 -9.433789253 0.901382029 -0.016357640 0.432715833 107.038505554
0.434717298 -0.064675651 -0.898241580 -94.117248535 0.041345019 0.997799456 -0.051834542 -9.519823074 0.899617434 -0.014604447 0.436434686 107.536140442
0.439758897 -0.065286703 -0.895739794 -95.142883301 0.039992917 0.997788548 -0.053090289 -9.599765778 0.897225022 -0.012476319 0.441397429 108.022537231
0.445482075 -0.065375239 -0.892900825 -96.169097900 0.039200976 0.997798204 -0.053497504 -9.678407669 0.894432247 -0.011170398 0.447063982 108.521865845
0.451926291 -0.064005464 -0.889756083 -97.198974609 0.038421988 0.997893631 -0.052269086 -9.762205124 0.891227484 -0.010564423 0.453433633 109.039077759
0.459711134 -0.062106326 -0.885894120 -98.212623596 0.036222056 0.998032808 -0.051171426 -9.842380524 0.887329459 -0.008564838 0.461056411 109.546325684
0.468514740 -0.062715754 -0.881226838 -99.202400208 0.036884665 0.997995973 -0.051415887 -9.914723396 0.882685363 -0.008414655 0.469889104 110.059402466
0.477824211 -0.061809115 -0.876278341 -100.197151184 0.035539426 0.998065054 -0.051020231 -9.992237091 0.877736330 -0.006763720 0.479096353 110.586540222
0.487236083 -0.063054338 -0.870990932 -101.191337585 0.035580486 0.997995019 -0.052344766 -10.072677612 0.872545183 -0.005486018 0.488502681 111.134704590
0.496832967 -0.064458042 -0.865449190 -102.165161133 0.033956561 0.997918129 -0.054830614 -10.149778366 0.867181659 -0.002146017 0.497987390 111.685997009
0.507856667 -0.065921359 -0.858915567 -103.111015320 0.033199042 0.997824728 -0.056952752 -10.229221344 0.860801637 0.000408656 0.508940458 112.236022949
0.520033836 -0.064074226 -0.851738989 -104.066482544 0.030822163 0.997940600 -0.056253973 -10.305259705 0.853589356 0.003001533 0.520937800 112.797554016
0.532819510 -0.062079318 -0.843948841 -105.005561829 0.029908769 0.998063922 -0.054533109 -10.385536194 0.845700264 0.003814840 0.533644676 113.362678528
0.544019103 -0.059855066 -0.836935282 -105.932998657 0.029398674 0.998199701 -0.052278683 -10.465015411 0.838557661 0.003835814 0.544799328 113.979217529
0.555552125 -0.059486467 -0.829351068 -106.855407715 0.029138343 0.998217702 -0.052079972 -10.538597107 0.830971003 0.004767219 0.556295276 114.582443237
0.567424357 -0.059261248 -0.821290314 -107.771209717 0.028714167 0.998224318 -0.052189708 -10.621215820 0.822924793 0.006031052 0.568118453 115.186546326
0.578405619 -0.059816729 -0.813553274 -108.637466431 0.028698927 0.998182654 -0.052987806 -10.703538895 0.815244317 0.007300338 0.579071164 115.790725708
0.588372111 -0.062116686 -0.806200862 -109.505187988 0.031183215 0.998046279 -0.054140348 -10.774499893 0.807988822 0.006714744 0.589159608 116.431945801
0.599738061 -0.060259726 -0.797924221 -110.368766785 0.030670039 0.998158813 -0.052329265 -10.870122910 0.799608469 0.006911485 0.600481987 117.064376831
0.609806895 -0.058546159 -0.790384650 -111.197860718 0.030050697 0.998258710 -0.050758950 -10.943792343 0.791980088 0.007201548 0.610504448 117.682128906
0.619547904 -0.055835638 -0.782970488 -112.024581909 0.030314879 0.998424768 -0.047212716 -11.016092300 0.784373283 0.005514886 0.620264649 118.330245972
0.629187703 -0.054392904 -0.775347888 -112.820632935 0.029323125 0.998499334 -0.046252184 -11.082015991 0.776700139 0.006365682 0.629838467 118.958145142
0.639082432 -0.054334667 -0.767216623 -113.600151062 0.027736515 0.998480916 -0.047608726 -11.144647598 0.768637955 0.009145990 0.639618695 119.586433411
0.648233652 -0.054113869 -0.759516180 -114.378852844 0.026350345 0.998468280 -0.048649129 -11.211320877 0.760985374 0.011522490 0.648666680 120.245056152
0.657461703 -0.052878451 -0.751630187 -115.183456421 0.025712874 0.998528004 -0.047756705 -11.294566154 0.753049076 0.012071632 0.657853603 120.912567139
0.666349292 -0.051471975 -0.743861020 -115.949928284 0.025368214 0.998601973 -0.046374153 -11.353913307 0.745208085 0.012030959 0.666723490 121.580963135
0.674988508 -0.049539182 -0.736163259 -116.686309814 0.025817383 0.998718262 -0.043535516 -11.425075531 0.737376392 0.010380167 0.675402343 122.238174438
0.682714462 -0.049021807 -0.729039013 -117.397827148 0.026486160 0.998751521 -0.042354550 -11.488377571 0.730205119 0.009606624 0.683160484 122.907257080
0.690519691 -0.048078079 -0.721714079 -118.117507935 0.025088575 0.998780072 -0.042531081 -11.551247597 0.722878456 0.011261775 0.690883517 123.570480347
0.697534025 -0.047391433 -0.714982748 -118.801376343 0.024867212 0.998810470 -0.041944135 -11.612748146 0.716120064 0.011477833 0.697882771 124.235824585
0.704303205 -0.045001090 -0.708471537 -119.485588074 0.024168702 0.998930216 -0.039424103 -11.664371490 0.709487736 0.010643685 0.704637408 124.911735535
0.711631954 -0.041844953 -0.701305211 -120.160507202 0.022592347 0.999071419 -0.036686823 -11.723231316 0.702189147 0.010263386 0.711916506 125.584091187
0.719006538 -0.040029127 -0.693849623 -120.818572998 0.021751475 0.999146998 -0.035102028 -11.783344269 0.694662869 0.010146340 0.719263911 126.236862183
0.726415515 -0.039486632 -0.686120450 -121.459022522 0.021400874 0.999163568 -0.034844723 -11.832426071 0.686922491 0.010628169 0.726652980 126.907058716
0.734292567 -0.036726590 -0.677838922 -122.085632324 0.018676473 0.999250412 -0.033909336 -11.875828743 0.678576171 0.012239735 0.734428048 127.569076538
0.742890120 -0.033665825 -0.668566227 -122.693237305 0.017655618 0.999372542 -0.030705284 -11.929351807 0.669180453 0.011006703 0.743018389 128.225845337
0.752150774 -0.029942105 -0.658310533 -123.288169861 0.015688369 0.999497712 -0.027535710 -11.972444534 0.658804297 0.010383189 0.752242744 128.890853882
0.761823237 -0.027740996 -0.647190690 -123.865547180 0.013929834 0.999553144 -0.026447428 -12.019396782 0.647635162 0.011133008 0.761869252 129.559036255
0.771630466 -0.026829546 -0.635505021 -124.426826477 0.012308736 0.999552786 -0.027253525 -12.060151100 0.635951996 0.013207387 0.771615624 130.226882935
0.781346440 -0.027942613 -0.623471737 -124.974487305 0.012467217 0.999496698 -0.029171066 -12.096757889 0.623973072 0.015019751 0.781301498 130.897247314
0.791042328 -0.026999740 -0.611165285 -125.515739441 0.012063363 0.999519765 -0.028542429 -12.137064934 0.611642480 0.015205563 0.790988207 131.585418701
0.800995350 -0.025231501 -0.598138630 -126.041755676 0.011509305 0.999575794 -0.026752824 -12.177947998 0.598559976 0.014544727 0.800945938 132.281600952
0.810987413 -0.023052752 -0.584609270 -126.559547424 0.011238204 0.999652863 -0.023829091 -12.215869904 0.584955692 0.012755135 0.810965002 132.977020264
0.820339203 -0.021772411 -0.571462631 -127.051696777 0.011602980 0.999702990 -0.021431960 -12.249812126 0.571759522 0.010950808 0.820348144 133.671432495
0.829327106 -0.020389585 -0.558391333 -127.531440735 0.012192449 0.999756396 -0.018397653 -12.285353661 0.558630407 0.008449515 0.829373658 134.367340088
0.837157786 -0.019692020 -0.546606839 -128.007965088 0.012808802 0.999783456 -0.016400762 -12.315167427 0.546811461 0.006728648 0.837228775 135.088653564
0.844356120 -0.019779053 -0.535417140 -128.478118896 0.014033013 0.999791920 -0.014803553 -12.344598770 0.535598576 0.004985955 0.844457984 135.813919067
0.850729346 -0.020059992 -0.525221169 -128.929702759 0.014564187 0.999787390 -0.014594895 -12.365670204 0.525402248 0.004766887 0.850840628 136.547012329
0.857412100 -0.019379955 -0.514265478 -129.384811401 0.013948211 0.999798715 -0.014421907 -12.393863678 0.514441431 0.005192435 0.857509792 137.278762817
0.863976061 -0.016595952 -0.503259301 -129.843475342 0.011447409 0.999845743 -0.013319384 -12.428332329 0.503402770 0.005746614 0.864032745 138.039398193
0.870139480 -0.015834985 -0.492551118 -130.268112183 0.010710428 0.999855220 -0.013223251 -12.454841614 0.492689192 0.006230640 0.870183051 138.785705566
0.875936329 -0.016584059 -0.482141644 -130.694534302 0.011676567 0.999844968 -0.013177789 -12.481630325 0.482285440 0.005913144 0.875994205 139.545745850
0.880553484 -0.017891476 -0.473609000 -131.114013672 0.013039568 0.999823511 -0.013526518 -12.506763458 0.473767400 0.005735165 0.880631328 140.330688477
0.884739399 -0.018507393 -0.465718538 -131.528961182 0.013559549 0.999810457 -0.013972428 -12.533295631 0.465888858 0.006047024 0.884822607 141.117019653
0.888131380 -0.017739816 -0.459247231 -131.939620972 0.012995054 0.999824584 -0.013490315 -12.548963547 0.459405959 0.006013230 0.888206065 141.905914307
0.891184151 -0.016444227 -0.453343600 -132.356246948 0.013299940 0.999860287 -0.010123081 -12.569202423 0.453446746 0.002992087 0.891278386 142.712493896
0.894200802 -0.011953088 -0.447506458 -132.771194458 0.010449633 0.999928415 -0.005828213 -12.593755722 0.447544098 0.000535315 0.894261718 143.519561768
0.897482157 -0.009306436 -0.440952629 -133.190368652 0.008882670 0.999955952 -0.003025242 -12.611312866 0.440961361 -0.001201736 0.897525311 144.345993042
0.900813162 -0.006546198 -0.434157610 -133.607162476 0.006885503 0.999975979 -0.000791162 -12.625926018 0.434152365 -0.002276705 0.900836587 145.183578491
0.903984666 -0.004998341 -0.427535653 -134.024337769 0.006160189 0.999980152 0.001334333 -12.635339737 0.427520484 -0.003839917 0.903997540 146.039276123
0.907250881 -0.003579261 -0.420574665 -134.440139771 0.005855316 0.999974370 0.004120724 -12.643660545 0.420549124 -0.006201128 0.907248557 146.909912109
0.910633683 -0.003685320 -0.413198143 -134.850616455 0.006848649 0.999957502 0.006174876 -12.653914452 0.413157821 -0.008452900 0.910620213 147.792388916
0.914175272 -0.004100882 -0.405298352 -135.262069702 0.007654174 0.999945164 0.007146832 -12.656956673 0.405246824 -0.009635680 0.914156556 148.694992065
0.917885363 -0.005003604 -0.396814078 -135.666839600 0.008434981 0.999940574 0.006902575 -12.653645515 0.396755964 -0.009682892 0.917873025 149.594207764
0.921797872 -0.007135801 -0.387605190 -136.080993652 0.010483262 0.999923766 0.006522595 -12.661984444 0.387529105 -0.010075881 0.921802402 150.537567139
0.925568342 -0.008701933 -0.378480613 -136.458267212 0.011586899 0.999918580 0.005345696 -12.670093536 0.378403276 -0.009333223 0.925593793 151.470794678
0.930075645 -0.009990603 -0.367232263 -136.850860596 0.012076643 0.999921322 0.003383074 -12.678592682 0.367169589 -0.007581448 0.930123091 152.424636841
0.934905946 -0.008110176 -0.354802847 -137.221069336 0.009675417 0.999949694 0.002637628 -12.680525780 0.354763597 -0.005898800 0.934937418 153.403488159
0.940832019 -0.004906211 -0.338837862 -137.590316772 0.006610058 0.999970675 0.003874677 -12.687112808 0.338808894 -0.005885158 0.940836787 154.388793945
0.947358668 -0.001086300 -0.320172489 -137.968048096 0.003441357 0.999971032 0.006789872 -12.692797661 0.320155829 -0.007534273 0.947334945 155.417861938
0.953770876 0.001939473 -0.300528497 -138.302780151 0.000634043 0.999963939 0.008465538 -12.695532799 0.300534070 -0.008264732 0.953735292 156.438049316
0.960070729 0.003757141 -0.279732108 -138.628524780 -0.001299015 0.999958932 0.008972298 -12.698835373 0.279754311 -0.008250665 0.960036159 157.497817993
0.966095388 0.004581009 -0.258144826 -138.935516357 -0.001878078 0.999940813 0.010716215 -12.699304581 0.258178622 -0.009868070 0.966046810 158.564361572
0.971435666 0.005597473 -0.237237126 -139.217849731 -0.002475295 0.999906421 0.013456406 -12.698615074 0.237290248 -0.012484801 0.971358597 159.667999268
0.976440907 0.007963019 -0.215638056 -139.471221924 -0.004403881 0.999846101 0.016980603 -12.698084831 0.215740085 -0.015630912 0.976325691 160.759643555
0.981076121 0.010058002 -0.193360865 -139.714447021 -0.006091200 0.999758840 0.021098606 -12.688557625 0.193526447 -0.019521540 0.980900824 161.882904053
0.985158503 0.012198237 -0.171213239 -139.931961060 -0.008104061 0.999664724 0.024591338 -12.681426048 0.171455815 -0.022838844 0.984927058 163.027038574
0.988751173 0.013849870 -0.148927063 -140.129013062 -0.010312766 0.999646723 0.024496675 -12.670216560 0.149213716 -0.022685265 0.988544703 164.194259644
0.991802096 0.013049353 -0.127115250 -140.287887573 -0.010272129 0.999694526 0.022479188 -12.655315399 0.127369761 -0.020989163 0.991633177 165.357406616
0.994211853 0.013360653 -0.106603205 -140.425247192 -0.011135956 0.999708176 0.021437015 -12.641426086 0.106858507 -0.020125806 0.994070530 166.535324097
0.996158063 0.012039122 -0.086742319 -140.539550781 -0.010035578 0.999673545 0.023496838 -12.630167961 0.086996883 -0.022536056 0.995953619 167.741500854
0.997687161 0.012726821 -0.066770531 -140.640411377 -0.011056663 0.999618173 0.025323609 -12.619059563 0.067067325 -0.024526780 0.997446954 168.961303711
0.998822927 0.013371957 -0.046625562 -140.722900391 -0.012152757 0.999579310 0.026334871 -12.599863052 0.046958096 -0.025737243 0.998565257 170.201034546
0.999531209 0.015229137 -0.026560690 -140.777572632 -0.014510654 0.999529123 0.027036751 -12.582138062 0.026959930 -0.026638664 0.999281526 171.455947876
0.999859512 0.015618673 -0.006084964 -140.816223145 -0.015445444 0.999501228 0.027544679 -12.561687469 0.006512140 -0.027446823 0.999602079 172.731582642
0.999745965 0.017741608 0.013903227 -140.812179565 -0.018115537 0.999464571 0.027247399 -12.545747757 -0.013412370 -0.027492341 0.999532044 173.995925903
0.999243915 0.019026097 0.033905279 -140.792755127 -0.019909702 0.999465823 0.025916781 -12.526540756 -0.033394072 -0.026572229 0.999088943 175.281021118
0.998392463 0.019392217 0.053258698 -140.744674683 -0.020680975 0.999503911 0.023754502 -12.512415886 -0.052771624 -0.024817757 0.998298168 176.594314575
0.997165859 0.021649921 0.072051913 -140.674545288 -0.023242438 0.999502122 0.021337738 -12.501330376 -0.071554080 -0.022951925 0.997172594 177.910034180
0.995633960 0.021721819 0.090781085 -140.576126099 -0.023580905 0.999532580 0.019456511 -12.487486839 -0.090316020 -0.021512263 0.995680809 179.247344971
0.993720710 0.021820398 0.109740444 -140.456176758 -0.023794103 0.999577284 0.016707789 -12.483400345 -0.109329484 -0.019214053 0.993819833 180.581268311
0.991548121 0.022404114 0.127790451 -140.298873901 -0.024049640 0.999646366 0.011348139 -12.478820801 -0.127491012 -0.014325541 0.991736293 181.910629272
0.989115953 0.024054682 0.145158529 -140.117080688 -0.024992181 0.999676883 0.004638068 -12.481095314 -0.145000055 -0.008215415 0.989397526 183.258880615
0.986315131 0.026451180 0.162735388 -139.924560547 -0.026740067 0.999642313 -0.000415316 -12.490149498 -0.162688166 -0.003941922 0.986669660 184.624008179
0.983224690 0.028772712 0.180114672 -139.703659058 -0.028471477 0.999585509 -0.004257992 -12.512921333 -0.180162534 -0.000941568 0.983636379 185.992767334
0.979822934 0.030884657 0.197466955 -139.455566406 -0.030109193 0.999522626 -0.006928932 -12.538383484 -0.197586685 0.000843556 0.980285048 187.361602783
0.976199448 0.029921796 0.214800805 -139.169708252 -0.029193038 0.999552250 -0.006565019 -12.564303398 -0.214901060 0.000138081 0.976635814 188.730453491
0.972406387 0.029392883 0.231434464 -138.864868164 -0.028500682 0.999567866 -0.007198313 -12.595521927 -0.231546044 0.000403645 0.972823858 190.104278564
0.968282223 0.029216183 0.248145029 -138.536788940 -0.026987741 0.999559104 -0.012378055 -12.626414299 -0.248397261 0.005288577 0.968643785 191.473770142
0.963819742 0.030908102 0.264756918 -138.193847656 -0.027599571 0.999487638 -0.016208280 -12.668821335 -0.265122235 0.008314683 0.964178979 192.842041016
0.958961606 0.033679582 0.281528533 -137.818069458 -0.030341920 0.999408185 -0.016207643 -12.707424164 -0.281907797 0.007000391 0.959415972 194.254241943
0.953809977 0.035142075 0.298348129 -137.399444580 -0.031466112 0.999358237 -0.017117014 -12.747634888 -0.298758179 0.006938523 0.954303622 195.652069092
0.948082089 0.038753461 0.315655679 -136.969619751 -0.034174465 0.999215126 -0.020030832 -12.792777061 -0.316184193 0.008203510 0.948662341 197.048858643
0.942166328 0.039089721 0.332858264 -136.507705688 -0.032938201 0.999166667 -0.024105998 -12.842043877 -0.333523184 0.011748106 0.942668676 198.443359375
0.936009347 0.040062599 0.349687725 -136.018981934 -0.032896832 0.999109745 -0.026409831 -12.896811485 -0.350434482 0.013216229 0.936493993 199.839660645
0.929397881 0.040543374 0.366845697 -135.507049561 -0.031197554 0.999020755 -0.031372134 -12.961004257 -0.367758423 0.017712507 0.929752648 201.221282959
0.921867490 0.043690156 0.385034442 -134.947189331 -0.031648315 0.998793066 -0.037559945 -13.030568123 -0.386210740 0.022439603 0.922137618 202.602035522
0.912637889 0.046996612 0.406058431 -134.367660522 -0.033316687 0.998615921 -0.040697336 -13.110584259 -0.407409042 0.023613410 0.912940502 203.989837646
0.901665211 0.050038736 0.429529876 -133.766189575 -0.035416316 0.998490751 -0.041975085 -13.191504478 -0.430981994 0.022635108 0.902076602 205.351821899
