1.000000000 0.000000000 0.000000000 0.000000000 0.000000000 1.000000000 0.000000000 0.000000000 0.000000000 0.000000000 1.000000000 0.000000000
0.999932408 -0.002611675 0.011328906 0.011809775 0.002597528 0.999995828 0.001263291 -0.008285590 -0.011332158 -0.001233779 0.999935031 0.295114636
0.999830544 -0.004855346 0.017757969 0.024529360 0.004829517 0.999987245 0.001497131 -0.015009063 -0.017765012 -0.001411115 0.999841213 0.591443837
0.999781668 -0.007606875 0.019461442 0.035923872 0.007612611 0.999970973 -0.000220693 -0.011574585 -0.019459197 0.000368797 0.999810576 0.897543609
0.999809802 -0.009263037 0.017163083 0.042053897 0.009293280 0.999955416 -0.001683140 -0.014327129 -0.017146727 0.001842321 0.999851286 1.216806293
0.999884069 -0.011831941 0.009582448 0.051414885 0.011864767 0.999923885 -0.003376156 -0.014633424 -0.009541772 0.003489458 0.999948382 1.531174064
0.999908864 -0.013301655 -0.002311541 0.039711431 0.013289528 0.999898255 -0.005184519 -0.018664923 0.002380268 0.005153327 0.999983907 1.881703496
0.999752522 -0.012449932 -0.018434672 0.024147049 0.012350197 0.999908507 -0.005514231 -0.025493430 0.018501636 0.005285195 0.999814868 2.249282837
0.999259114 -0.007891416 -0.037668597 -0.013445280 0.007683359 0.999954462 -0.005664910 -0.029473791 0.037711583 0.005371292 0.999274254 2.601089954
0.998333693 -0.004386995 -0.057537884 -0.054156672 0.004011653 0.999969900 -0.006637282 -0.037567727 0.057565272 0.006395400 0.998321235 2.967444181
0.996934235 -0.004007453 -0.078141503 -0.090659797 0.003458495 0.999968410 -0.007159244 -0.042250387 0.078167722 0.006867043 0.996916592 3.342371464
0.995161712 -0.005605591 -0.098090596 -0.151056036 0.004944636 0.999963403 -0.006980012 -0.043559570 0.098126136 0.006461218 0.995153010 3.729400396
0.992932677 -0.007176706 -0.118461877 -0.202751264 0.006435241 0.999957263 -0.006640436 -0.044203993 0.118504465 0.005831175 0.992936373 4.130002975
0.990675151 -0.006106373 -0.136108443 -0.278420895 0.005361876 0.999968588 -0.005835817 -0.052968767 0.136139810 0.005051602 0.990676761 4.534020424
0.988439202 -0.004634091 -0.151547015 -0.363676757 0.003873155 0.999978364 -0.005315924 -0.060118649 0.151568368 0.004667502 0.988435745 4.956235886
0.986462414 -0.004014736 -0.163938224 -0.456395835 0.003294949 0.999983728 -0.004662287 -0.079629838 0.163954273 0.004059004 0.986459613 5.377178192
0.984379888 -0.005360564 -0.175975874 -0.547859132 0.004421257 0.999973834 -0.005729351 -0.085098818 0.176001981 0.004861824 0.984377801 5.822141647
0.982532561 -0.009353545 -0.185855448 -0.637301624 0.007993925 0.999935508 -0.008063531 -0.091629975 0.185918882 0.006436969 0.982544005 6.280110359
0.981047213 -0.007917438 -0.193606898 -0.743878245 0.006079572 0.999930680 -0.010085084 -0.099135756 0.193673328 0.008716897 0.981027365 6.753762245
0.979646266 -0.007871443 -0.200577140 -0.858695447 0.005625112 0.999914944 -0.011766816 -0.106795795 0.200652704 0.010399048 0.979607224 7.229744434
0.977904141 -0.009228989 -0.208850086 -0.960713148 0.006381530 0.999877334 -0.014303720 -0.119323574 0.208956465 0.012654884 0.977843046 7.727093697
0.976220906 -0.013172058 -0.216377661 -1.079272032 0.009967794 0.999823987 -0.015893376 -0.131047964 0.216548935 0.013358638 0.976180375 8.240653038
0.974293172 -0.019796571 -0.224412322 -1.198866367 0.016345626 0.999718010 -0.017225239 -0.143687144 0.224690050 0.013114274 0.974342048 8.758302689
0.972340226 -0.019892953 -0.232720226 -1.337191701 0.015845163 0.999689162 -0.019250065 -0.165672153 0.233030811 0.015030123 0.972353220 9.289434433
0.970255971 -0.015915545 -0.241557628 -1.489371777 0.010444549 0.999659479 -0.023912467 -0.175694078 0.241855964 0.020678254 0.970091820 9.828334808
0.968145192 -0.012986365 -0.250052571 -1.650500059 0.006541432 0.999625087 -0.026588170 -0.198657602 0.250304103 0.024105506 0.967867136 10.380393982
0.965946436 -0.015452387 -0.258280367 -1.809810758 0.008374601 0.999559224 -0.028481301 -0.218323290 0.258606613 0.025348416 0.965650082 10.954732895
0.963615656 -0.018017940 -0.266683668 -1.974166632 0.010214251 0.999478877 -0.030620314 -0.240852460 0.267096400 0.026782243 0.963297606 11.529673576
0.961465180 -0.017602419 -0.274362624 -2.158592701 0.008847937 0.999412417 -0.033113450 -0.264523268 0.274784297 0.029409885 0.961055994 12.116087914
0.959119499 -0.016828733 -0.282500535 -2.348490715 0.006739649 0.999305546 -0.036647424 -0.292252272 0.282921076 0.033245306 0.958566844 12.730238914
0.956874967 -0.018111428 -0.289935052 -2.540518761 0.006323526 0.999116719 -0.041542437 -0.322070658 0.290431350 0.037917502 0.956144273 13.326824188
0.955118358 -0.019636681 -0.295572817 -2.742225170 0.005406335 0.998789728 -0.048885509 -0.358898550 0.296175063 0.045093480 0.954068601 13.950640678
0.953839660 -0.020326262 -0.299627692 -2.958658457 0.003408800 0.998375416 -0.056876555 -0.398812592 0.300296992 0.053229745 0.952359319 14.576341629
0.952566266 -0.020453967 -0.303643137 -3.172744513 0.000576878 0.997858465 -0.065407872 -0.441966444 0.304330707 0.062130168 0.950538099 15.213370323
0.951285839 -0.020092430 -0.307654977 -3.399558067 -0.002969720 0.997230768 -0.074310012 -0.489627689 0.308296084 0.071603708 0.948591828 15.856465340
0.950119793 -0.019004215 -0.311305642 -3.634695292 -0.006643323 0.996682227 -0.081120007 -0.546537638 0.311814427 0.079141825 0.946841240 16.500875473
0.948455334 -0.017310394 -0.316437662 -3.875125170 -0.011198077 0.996052921 -0.088051938 -0.603551567 0.316712886 0.087056823 0.944517910 17.190347672
0.947024167 -0.015732545 -0.320776731 -4.129175186 -0.015212994 0.995480776 -0.093736596 -0.676567912 0.320801795 0.093650796 0.942505002 17.847780228
0.945416927 -0.014074075 -0.325559109 -4.381697178 -0.019087285 0.994959772 -0.098441675 -0.756146431 0.325303704 0.099282466 0.940383196 18.531717300
0.943814814 -0.011386443 -0.330278546 -4.651844501 -0.023525279 0.994555891 -0.101514213 -0.830744267 0.329636365 0.103580512 0.938408732 19.228691101
0.942128539 -0.010015839 -0.335102320 -4.924530029 -0.026030654 0.994350612 -0.102904327 -0.909018219 0.334239870 0.105672032 0.936545312 19.943326950
0.939862907 -0.010287417 -0.341396987 -5.203598499 -0.026186047 0.994433999 -0.102055527 -0.998365283 0.340546668 0.104858041 0.934362233 20.681747437
0.937641561 -0.009984850 -0.347460300 -5.489180088 -0.026622035 0.994588673 -0.100422256 -1.084796548 0.346582800 0.103410184 0.932301819 21.414464951
0.935154676 -0.010040837 -0.354097337 -5.783964157 -0.026684072 0.994761467 -0.098679006 -1.171377063 0.353233218 0.101728894 0.929987907 22.149068832
0.932065427 -0.008990146 -0.362178385 -6.092849731 -0.027715668 0.994993031 -0.096024372 -1.251974225 0.361228257 0.099539019 0.927149475 22.900306702
0.928835213 -0.006748055 -0.370431632 -6.409362316 -0.028719883 0.995514154 -0.090148412 -1.338489175 0.369378239 0.094371773 0.924474835 23.654418945
0.925420582 -0.003205721 -0.378928065 -6.741112709 -0.031451277 0.995864332 -0.085235506 -1.417347074 0.377634168 0.090796463 0.921492517 24.411598206
0.921989441 0.000636016 -0.387214482 -7.082706451 -0.034657486 0.996120632 -0.080886148 -1.500892282 0.385660887 0.087996051 0.918434739 25.155454636
0.918377995 0.001769948 -0.395700336 -7.434511185 -0.036067724 0.996201813 -0.079253353 -1.575884819 0.394057125 0.087056547 0.914953649 25.924219131
0.914505005 0.001769971 -0.404570758 -7.800013542 -0.036788940 0.996211350 -0.078800566 -1.647816181 0.402898520 0.086947240 0.911105394 26.699962616
0.910864830 0.001774696 -0.412701011 -8.173636436 -0.037127163 0.996288478 -0.077658460 -1.718655348 0.411031455 0.086058773 0.907550037 27.481296539
0.906920493 0.002364682 -0.421295166 -8.555989265 -0.037856780 0.996396422 -0.075901493 -1.791647673 0.419597507 0.084785499 0.903741837 28.275867462
0.903142452 0.001590639 -0.429338127 -8.947497368 -0.036755230 0.996608436 -0.073624872 -1.871210575 0.427764893 0.082274161 0.900137842 29.071529388
0.899619639 0.002612391 -0.436666608 -9.366227150 -0.036500175 0.996932507 -0.069233373 -1.945771813 0.435146272 0.078222111 0.896955431 29.888267517
0.895766497 0.004376026 -0.444503397 -9.768457413 -0.036318433 0.997328997 -0.063370712 -2.017963171 0.443038791 0.072909027 0.893532813 30.675525665
0.892165482 0.004428288 -0.451687008 -10.201548576 -0.035210613 0.997591138 -0.059767209 -2.078309536 0.450334311 0.069226421 0.890172303 31.492097855
0.888677299 0.003070291 -0.458522975 -10.654563904 -0.033334199 0.997764289 -0.057924956 -2.140257597 0.457319975 0.066761084 0.886792779 32.323829651
0.885231733 0.002930509 -0.465141058 -11.099387169 -0.033245299 0.997821391 -0.056984164 -2.202589512 0.463960707 0.065907940 0.883400619 33.167594910
0.882366657 0.003374837 -0.470550478 -11.564742088 -0.033073794 0.997946024 -0.054861933 -2.271093607 0.469398826 0.063971229 0.880665898 34.004432678
0.879401445 0.001891733 -0.476077229 -12.039575577 -0.031077497 0.998087347 -0.053439822 -2.333487272 0.475065559 0.061790343 0.877778232 34.866939545
0.876824081 0.000707630 -0.480810791 -12.525341988 -0.030117149 0.998116076 -0.053453758 -2.398434639 0.479867131 0.061350193 0.875193477 35.721057892
0.874724209 -0.001349136 -0.484619200 -13.058459282 -0.028513828 0.998120427 -0.054245353 -2.447727442 0.483781517 0.061268073 0.873041630 36.607105255
0.873479784 0.000465096 -0.486860186 -13.524817467 -0.030810053 0.998047948 -0.054323133 -2.519664049 0.485884547 0.062450349 0.871789038 37.437191010
0.872831643 0.000296133 -0.488021344 -14.031152725 -0.030291125 0.998104513 -0.053570371 -2.578067064 0.487080455 0.061540630 0.871186197 38.322677612
0.872729778 0.000525235 -0.488203257 -14.540935516 -0.029584184 0.998218596 -0.051811829 -2.642668486 0.487306327 0.059660822 0.871190667 39.215728760
0.872384369 -0.000928918 -0.488819599 -15.069002151 -0.027727714 0.998294055 -0.051382061 -2.706342936 0.488033444 0.058378756 0.870870411 40.128673553
0.871636569 -0.003084474 -0.490143001 -15.602766037 -0.025814176 0.998303533 -0.052188486 -2.768298626 0.489472479 0.058142029 0.870078266 41.056400299
0.870592713 -0.005251787 -0.491976380 -16.147157669 -0.023756715 0.998327971 -0.052696493 -2.833843231 0.491430521 0.057564925 0.869012296 41.989772797
0.868961275 -0.005674838 -0.494847536 -16.694694519 -0.022313040 0.998468101 -0.050632391 -2.899067163 0.494376808 0.055039141 0.867503464 42.934776306
0.867165864 -0.004977877 -0.497994572 -17.256362915 -0.021362323 0.998657882 -0.047180992 -2.961335182 0.497561067 0.051552065 0.865895748 43.868877411
0.864160061 -0.005304576 -0.503189147 -17.806238174 -0.018773792 0.998908460 -0.042771887 -3.032771826 0.502866805 0.046408523 0.863117218 44.812515259
0.860236824 -0.005882319 -0.509860754 -18.371685028 -0.017273480 0.999023318 -0.040669654 -3.096201420 0.509602010 0.043792605 0.859295070 45.737377167
0.855094790 -0.008956654 -0.518394351 -18.939636230 -0.015824875 0.998934090 -0.043362502 -3.153275013 0.518230200 0.045282573 0.854041576 46.661552429
0.849241614 -0.012812410 -0.527849019 -19.514396667 -0.013574431 0.998845339 -0.046084367 -3.221069336 0.527829945 0.046302009 0.848087072 47.569175720
0.843295455 -0.012646319 -0.537301481 -20.120960236 -0.014261078 0.998844564 -0.045892321 -3.275938034 0.537261009 0.046363283 0.842140794 48.478542328
0.837626100 -0.009438439 -0.546162486 -20.733709335 -0.015309579 0.999052286 -0.040744651 -3.337812662 0.546029449 0.042490300 0.836687803 49.389217377
0.832499444 -0.004744072 -0.554005563 -21.342655182 -0.018624974 0.999158502 -0.036543604 -3.398435354 0.553712726 0.040740866 0.831710517 50.290115356
0.828630626 -0.004565934 -0.559777141 -21.964847565 -0.020271983 0.999066114 -0.038157430 -3.454679012 0.559428573 0.042966209 0.827764213 51.180549622
0.825257421 -0.006864886 -0.564715087 -22.589931488 -0.020209573 0.998926699 -0.041676980 -3.519953966 0.564395070 0.045806888 0.824232936 52.070686340
0.822210193 -0.009046296 -0.569112122 -23.224359512 -0.022820259 0.998545825 -0.048841327 -3.576040506 0.568726420 0.053145122 0.820808113 52.955604553
0.819117486 -0.009774535 -0.573542476 -23.858873367 -0.023107184 0.998480976 -0.050017543 -3.649055004 0.573160172 0.054223195 0.817647398 53.836967468
0.815833271 -0.008234523 -0.578228593 -24.502792358 -0.022555590 0.998684645 -0.046046313 -3.715690851 0.577847183 0.050608400 0.814574420 54.721244812
0.812949121 -0.005416734 -0.582309484 -25.155460358 -0.022992112 0.998878479 -0.041390494 -3.771684408 0.581880629 0.047036890 0.811912835 55.602321625
0.810008287 -0.003751798 -0.586406529 -25.810338974 -0.023126997 0.998997211 -0.038337048 -3.832547903 0.585962296 0.044615146 0.809109211 56.483856201
0.807012081 -0.002962728 -0.590527534 -26.480920792 -0.024758220 0.998938441 -0.038846225 -3.892224073 0.590015769 0.045969781 0.806082010 57.367713928
0.803648472 -0.004159318 -0.595089793 -27.148227692 -0.024818655 0.998871326 -0.040498253 -3.951316833 0.594586611 0.047315687 0.802638173 58.235481262
0.799631000 -0.007294165 -0.600447357 -27.811668396 -0.023457499 0.998783588 -0.043372057 -4.009416103 0.600033343 0.048766635 0.798487246 59.104667664
0.795776486 -0.008121340 -0.605536044 -28.500913620 -0.022694388 0.998807788 -0.043220088 -4.073949337 0.605165064 0.048135798 0.794643402 59.967620850
0.791355610 -0.008221101 -0.611300886 -29.186046600 -0.022424895 0.998846352 -0.042463031 -4.135405064 0.610944748 0.047311716 0.790258288 60.829814911
0.786479473 -0.008013101 -0.617564380 -29.880645752 -0.022425534 0.998885989 -0.041520204 -4.199322701 0.617209136 0.046504002 0.785423636 61.691932678
0.781424105 -0.009300470 -0.623930991 -30.582046509 -0.022083461 0.998850405 -0.042546898 -4.261331558 0.623609424 0.047025729 0.780320406 62.545116425
0.776128054 -0.010519899 -0.630487561 -31.301012039 -0.022228397 0.998782992 -0.044028118 -4.319022179 0.630183399 0.048186187 0.774949670 63.410633087
0.770740926 -0.012136024 -0.637033105 -32.025741577 -0.020848697 0.998802781 -0.044252712 -4.385432720 0.636807501 0.047388688 0.769565165 64.268417358
0.765423059 -0.013293729 -0.643390119 -32.756298065 -0.021187259 0.998723984 -0.045841534 -4.443234921 0.643178582 0.048719842 0.764164805 65.108787537
0.759145021 -0.015467597 -0.650737703 -33.488479614 -0.019336218 0.998740554 -0.046296857 -4.516693115 0.650634289 0.047728837 0.757889867 65.956535339
0.753302813 -0.016959200 -0.657455206 -34.249809265 -0.018029464 0.998759210 -0.046421118 -4.580982685 0.657426715 0.046822723 0.752062321 66.801727295
0.747289777 -0.015977081 -0.664306223 -34.992244720 -0.018300205 0.998836875 -0.044609036 -4.657207489 0.664246261 0.045492820 0.746128201 67.628616333
0.741120398 -0.016696857 -0.671164572 -35.772178650 -0.017337507 0.998881340 -0.043994226 -4.715353489 0.671148300 0.044241339 0.740001857 68.464241028
0.734404564 -0.018503733 -0.678459704 -36.549163818 -0.016051583 0.998875201 -0.044617645 -4.786498070 0.678522170 0.043657754 0.733281434 69.302276611
0.727937341 -0.020260787 -0.685344279 -37.340976715 -0.015744669 0.998805761 -0.046250802 -4.851764202 0.685462892 0.044458203 0.726748943 70.132385254
0.722203255 -0.019442596 -0.691407561 -38.159275055 -0.017286096 0.998785317 -0.046142187 -4.916054726 0.691464782 0.045275778 0.720989943 70.958389282
0.716899753 -0.018854488 -0.696921349 -38.980163574 -0.017589260 0.998826921 -0.045115724 -4.986559868 0.696954429 0.044601779 0.715727091 71.784553528
0.712033451 -0.018543307 -0.701900601 -39.797653198 -0.018410798 0.998814464 -0.045063965 -5.052683830 0.701904118 0.045009602 0.710847855 72.596061707
0.707453132 -0.019501206 -0.706491172 -40.626758575 -0.018248811 0.998781979 -0.045842942 -5.123069763 0.706524670 0.045324355 0.706235528 73.402725220
0.702289343 -0.021478854 -0.711567521 -41.465648651 -0.018642910 0.998647034 -0.048544250 -5.194046497 0.711647451 0.047357798 0.700938761 74.206344604
0.697349906 -0.023739422 -0.716337621 -42.322910309 -0.018377056 0.998530507 -0.050981235 -5.267133713 0.716495216 0.048715938 0.695888937 75.022224426
0.692387819 -0.024799511 -0.721099257 -43.179405212 -0.018233132 0.998488605 -0.051846437 -5.335632324 0.721295118 0.049045738 0.690889180 75.826347351
0.687792540 -0.024654137 -0.725488603 -44.052406311 -0.017572643 0.998564720 -0.050593615 -5.407775879 0.725694656 0.047546662 0.686372042 76.634674072
0.682545781 -0.024558570 -0.730430186 -44.952671051 -0.017075308 0.998626590 -0.049531799 -5.483364105 0.730643392 0.046280038 0.681188941 77.457679749
0.677274466 -0.025766201 -0.735279143 -45.844066620 -0.016282666 0.998616874 -0.049992431 -5.558199406 0.735550284 0.045830902 0.675918102 78.268981934
0.672790885 -0.026879970 -0.739344239 -46.756767273 -0.015213899 0.998625755 -0.050150931 -5.631339550 0.739676297 0.044989396 0.671457350 79.068656921
0.668520689 -0.027713701 -0.743176997 -47.665103912 -0.014085256 0.998654366 -0.049910985 -5.700736046 0.743560135 0.043834366 0.667230725 79.868743896
0.664796829 -0.028518865 -0.746479690 -48.575721741 -0.012844132 0.998686910 -0.049592983 -5.784214497 0.746913791 0.042557139 0.663557529 80.653091431
0.660917997 -0.031424582 -0.749799848 -49.492786407 -0.010556381 0.998634756 -0.051158428 -5.854192734 0.750383854 0.041726701 0.659683943 81.445556641
0.656708658 -0.036007993 -0.753284276 -50.417224884 -0.007703757 0.998487055 -0.054445107 -5.929796696 0.754105031 0.041557692 0.655437708 82.234214783
0.652333975 -0.039982963 -0.756876290 -51.340568542 -0.003337154 0.998446405 -0.055620432 -6.013580799 0.757924259 0.038808908 0.651187062 83.013038635
0.645623624 -0.043834727 -0.762396634 -52.281856537 0.001748183 0.998433411 -0.055925470 -6.093719959 0.763653755 0.034773998 0.644688845 83.811630249
0.637545943 -0.047171321 -0.768966913 -53.237270355 0.006220585 0.998406410 -0.056088556 -6.182484627 0.770387292 0.030975608 0.636823416 84.591339111
0.628708720 -0.048119217 -0.776150703 -54.199684143 0.009034116 0.998468280 -0.054584354 -6.267646790 0.777588427 0.027305825 0.628180385 85.361663818
0.620058477 -0.046799678 -0.783158541 -55.186756134 0.009455277 0.998592556 -0.052187372 -6.346715450 0.784498632 0.024954244 0.619628310 86.124534607
0.611426115 -0.046393745 -0.789940357 -56.187618256 0.008667863 0.998612583 -0.051940151 -6.433366776 0.791254103 0.024910469 0.610979915 86.881042480
0.602376878 -0.047717500 -0.796784341 -57.201004028 0.007873617 0.998518169 -0.053846333 -6.510458946 0.798173070 0.026162215 0.601859987 87.619293213
0.592496991 -0.049903918 -0.804025412 -58.215187073 0.008550602 0.998412728 -0.055668015 -6.596593857 0.805527270 0.026108231 0.591983318 88.353363037
0.582812309 -0.051753175 -0.810957193 -59.255939484 0.008786337 0.998312891 -0.057395242 -6.675440788 0.812559366 0.026325315 0.582283735 89.091117859
0.572917938 -0.052629463 -0.817921221 -60.299041748 0.012020024 0.998368442 -0.055820908 -6.766871929 0.819524586 0.022149367 0.572615862 89.806823730
0.562975466 -0.052558675 -0.824800730 -61.342250824 0.013322943 0.998423338 -0.054528710 -6.858790874 0.826366246 0.019709554 0.562788069 90.500602722
0.552945197 -0.053235736 -0.831515312 -62.420799255 0.013849232 0.998406172 -0.054710995 -6.945517540 0.833102584 0.018736338 0.552801192 91.209213257
0.542656422 -0.054255240 -0.838200688 -63.487953186 0.013223115 0.998339832 -0.056060031 -7.032582283 0.839850664 0.019337712 0.542472959 91.879745483
0.532577574 -0.054706931 -0.844611347 -64.574043274 0.012022182 0.998297155 -0.057080731 -7.119534016 0.846295834 0.020245850 0.532328367 92.551719666
0.523511589 -0.055578686 -0.850203931 -65.674224854 0.010920990 0.998225868 -0.058530454 -7.209139824 0.851948619 0.021356305 0.523189783 93.198348999
0.513766587 -0.055080280 -0.856160045 -66.782302856 0.009360402 0.998237431 -0.058603682 -7.308164597 0.857878923 0.022094613 0.513376594 93.868576050
0.505941510 -0.052841481 -0.860947788 -67.909759521 0.008495461 0.998378634 -0.056284025 -7.401098251 0.862526000 0.021162283 0.505570173 94.503326416
0.497868896 -0.051330727 -0.865731955 -69.034980774 0.009089841 0.998500884 -0.053975407 -7.493536949 0.867204726 0.019003315 0.497589171 95.130081177
0.490446985 -0.051695183 -0.869936407 -70.171653748 0.008830137 0.998482585 -0.054355726 -7.576674461 0.871426284 0.018976940 0.490159214 95.751068115
0.482980669 -0.054700729 -0.873920739 -71.316841125 0.010978245 0.998346686 -0.056421604 -7.669100761 0.875562191 0.017656425 0.482782662 96.370666504
0.477170289 -0.058120884 -0.876886785 -72.464630127 0.012826008 0.998164952 -0.059179861 -7.753393173 0.878717244 0.016991915 0.477040112 96.958297729
0.470325053 -0.061271910 -0.880363584 -73.620758057 0.015182052 0.998000920 -0.061348427 -7.853210449 0.882362664 0.015487976 0.470315099 97.578842163
0.464834571 -0.064952902 -0.883011937 -74.777603149 0.017118560 0.997778416 -0.064383402 -7.951610565 0.885232151 0.014811747 0.464913785 98.182907104
0.460067034 -0.065783322 -0.885443866 -75.942886353 0.020217938 0.997769177 -0.063623413 -8.060889244 0.887653947 0.011369191 0.460370719 98.780220032
0.456157386 -0.063240208 -0.887649298 -77.105621338 0.022240954 0.997970343 -0.059670500 -8.165843964 0.889621198 0.007476978 0.456638038 99.359939575
0.452198267 -0.061061341 -0.889824867 -78.264129639 0.025149733 0.998130023 -0.055712644 -8.268443108 0.891562819 0.002814307 0.452888370 99.949302673
0.448717594 -0.060833719 -0.891600668 -79.437301636 0.026433423 0.998147368 -0.054800179 -8.363485336 0.893282592 0.001021746 0.449494362 100.524566650
0.446492493 -0.061010975 -0.892705023 -80.596397400 0.028453564 0.998136282 -0.053985320 -8.456042290 0.894334912 -0.001296595 0.447396338 101.084152222
0.443387985 -0.059931390 -0.894323945 -81.761108398 0.029685264 0.998196661 -0.052174855 -8.545585632 0.895838082 -0.003414537 0.444367468 101.664733887
0.441502154 -0.059273731 -0.895300269 -82.917404175 0.031532828 0.998224199 -0.050537977 -8.631772995 0.896705985 -0.005918721 0.442587197 102.217636108
0.438677013 -0.060042132 -0.896636724 -84.061279297 0.033700243 0.998162746 -0.050352942 -8.721605301 0.898012638 -0.008128197 0.439894497 102.775695801
0.436970592 -0.060506266 -0.897438407 -85.199890137 0.035930794 0.998112738 -0.049798820 -8.803697586 0.898757875 -0.010485053 0.438319981 103.308403015
0.434153438 -0.059967477 -0.898840785 -86.334976196 0.039605021 0.998087704 -0.047459070 -8.885585785 0.899967968 -0.014994090 0.435698211 103.858978271
0.432495117 -0.059238404 -0.899688303 -87.441627502 0.041071374 0.998097956 -0.045974333 -8.965574265 0.900700450 -0.017067751 0.434105456 104.381370544
0.430152893 -0.060375206 -0.900734842 -88.557586670 0.043848373 0.997980773 -0.045953356 -9.053588867 0.901690543 -0.019728793 0.431931674 104.912658691
0.429188550 -0.061445128 -0.901122510 -89.663085938 0.044653054 0.997906804 -0.046777137 -9.133289337 0.902110517 -0.020161649 0.431033909 105.420974731
0.428767562 -0.062797539 -0.901229620 -90.747421265 0.044457756 0.997839212 -0.048378132 -9.210201263 0.902320266 -0.019323671 0.430632949 105.922500610
0.429617286 -0.063800111 -0.900754452 -91.823272705 0.043593403 0.997803271 -0.049882058 -9.286404610 0.901958227 -0.017836755 0.431454837 106.412574768
0.431475818 -0.063249022 -0.899904549 -92.880424500 0.041811455 0.997869253 -0.050087120 -9.372523308 0.901155055 -0.016014937 0.433201015 106.917190552
0.435141087 -0.063360028 -0.898130119 -93.922073364 0.039819624 0.997899055 -0.051105913 -9.453674316 0.899481297 -0.013524924 0.436749876 107.421897888
0.440830231 -0.064042948 -0.895302892 -94.978408813 0.037746817 0.997891665 -0.052795529 -9.531904221 0.896796525 -0.010520966 0.442318201 107.901710510
0.446037650 -0.064043820 -0.892719924 -95.984954834 0.038284615 0.997888863 -0.052460171 -9.617780685 0.894195020 -0.010778225 0.447547913 108.403320312
0.452664256 -0.062767975 -0.889469147 -97.000305176 0.037287295 0.997979283 -0.051449243 -9.696949005 0.890901089 -0.009876663 0.454089999 108.911849976
0.460554957 -0.061134744 -0.885523379 -97.999656677 0.035761729 0.998093367 -0.050306905 -9.779185295 0.886910498 -0.008498752 0.461863101 109.414848328
0.469952047 -0.060731363 -0.880600274 -99.005882263 0.035272926 0.998125553 -0.050012410 -9.854881287 0.881986916 -0.007557914 0.471213281 109.926422119
0.478764534 -0.060431119 -0.875861049 -100.000579834 0.034508534 0.998152614 -0.050005667 -9.928476334 0.877264857 -0.006283739 0.479965448 110.457405090
0.488083065 -0.061137542 -0.870653331 -100.973892212 0.033742718 0.998119652 -0.051172297 -10.005257607 0.872144759 -0.004401872 0.489228249 111.001327515
0.498600483 -0.062147968 -0.864601135 -101.949707031 0.031248435 0.998066902 -0.053721122 -10.082643509 0.866268456 -0.000232056 0.499578714 111.535827637
0.509926677 -0.063101687 -0.857900321 -102.913581848 0.029874355 0.998003304 -0.055649776 -10.158792496 0.859698951 0.002748090 0.510793686 112.092956543
0.521854162 -0.061461046 -0.850817740 -103.864387512 0.027738815 0.998096228 -0.055086322 -10.236074448 0.852583587 0.005146353 0.522565484 112.662719727
0.533996642 -0.059236255 -0.843408942 -104.795715332 0.026540454 0.998225451 -0.053305842 -10.316293716 0.845069945 0.006080684 0.534621239 113.235328674
0.546118557 -0.056679778 -0.835788250 -105.724502563 0.025722677 0.998372555 -0.050897948 -10.396400452 0.837312937 0.006297602 0.546687722 113.827255249
0.557176411 -0.056809906 -0.828448594 -106.630424500 0.026465613 0.998365104 -0.050662179 -10.472341537 0.829972327 0.006302369 0.557769001 114.429351807
0.569619298 -0.056214157 -0.819984019 -107.560325623 0.025300585 0.998384833 -0.050868869 -10.553152084 0.821519136 0.008229814 0.570121527 115.031646729
0.580672085 -0.057286013 -0.812119603 -108.440040588 0.025447842 0.998311102 -0.052224338 -10.624820709 0.813739717 0.009658525 0.581149220 115.643615723
0.590495765 -0.059228394 -0.804864526 -109.327011108 0.028234627 0.998208940 -0.052741658 -10.707802773 0.806546748 0.008418680 0.591110468 116.299049377
0.601196170 -0.058953360 -0.796923816 -110.181045532 0.028693300 0.998224437 -0.052198689 -10.787421227 0.798586130 0.008515279 0.601820290 116.930404663
0.611604452 -0.055759609 -0.789196253 -111.029655457 0.026646184 0.998399198 -0.049890529 -10.869530678 0.790714800 0.009484203 0.612111211 117.580825806
0.621371984 -0.053062048 -0.781716943 -111.854484558 0.027175777 0.998563409 -0.046179831 -10.943811417 0.783044338 0.007451092 0.621921301 118.227714539
0.630963206 -0.051449630 -0.774104953 -112.653045654 0.025888234 0.998639226 -0.045271765 -11.008588791 0.775380790 0.008524609 0.631436467 118.860260010
0.640973091 -0.051168211 -0.765855968 -113.435752869 0.024271365 0.998627722 -0.046406511 -11.073289871 0.767179549 0.011156961 0.641335487 119.491218567
0.650063992 -0.050831955 -0.758177400 -114.212310791 0.022514226 0.998610437 -0.047647998 -11.137632370 0.759545863 0.013904470 0.650305092 120.154380798
0.659336567 -0.049213462 -0.750235558 -115.029037476 0.021654984 0.998684466 -0.046479799 -11.225861549 0.751536012 0.014399492 0.659534872 120.828750610
0.668188095 -0.047998514 -0.742442489 -115.795661926 0.021399600 0.998743773 -0.045308910 -11.282611847 0.743684590 0.014386903 0.668375850 121.500350952
0.676805139 -0.045682661 -0.734743416 -116.530998230 0.021508517 0.998873711 -0.042292498 -11.351674080 0.735847950 0.012820541 0.677025437 122.163978577
0.684477091 -0.045374133 -0.727621019 -117.240936279 0.022165598 0.998895109 -0.041439369 -11.411143303 0.728697360 0.012236143 0.684726536 122.834831238
0.692229271 -0.044313118 -0.720315933 -117.959304810 0.020747654 0.998922467 -0.041514061 -11.474299431 0.721379399 0.013792382 0.692402720 123.501083374
0.698738754 -0.044266749 -0.714006066 -118.637786865 0.021016330 0.998923063 -0.041364014 -11.521080017 0.715068161 0.013896851 0.698916554 124.183456421
0.705596149 -0.041835163 -0.707378209 -119.321090698 0.020346140 0.999040246 -0.038789511 -11.572969437 0.708322048 0.012977313 0.705770135 124.858352661
0.713007212 -0.038672660 -0.700089395 -119.997375488 0.018558627 0.999168873 -0.036292627 -11.629683495 0.700911105 0.012884206 0.713132262 125.531616211
0.720203519 -0.036186747 -0.692818463 -120.651947021 0.017024508 0.999259830 -0.034495119 -11.693832397 0.693553925 0.013048612 0.720286489 126.203269958
0.727654159 -0.035625964 -0.685018420 -121.293136597 0.016572446 0.999271929 -0.034365524 -11.741895676 0.685743988 0.013653787 0.727714777 126.873947144
0.735459626 -0.032791968 -0.676774621 -121.917984009 0.013888639 0.999347925 -0.033328749 -11.785696983 0.677426219 0.015112473 0.735435486 127.537681580
0.744046032 -0.030410124 -0.667435944 -122.536666870 0.013742798 0.999448895 -0.030217269 -11.839322090 0.667987049 0.013310601 0.744053841 128.206527710
0.753215730 -0.026593503 -0.657235742 -123.129394531 0.011751347 0.999566972 -0.026977668 -11.882940292 0.657668591 0.012596600 0.753202081 128.872375488
0.762925684 -0.024191301 -0.646033406 -123.693618774 0.009529826 0.999611914 -0.026177226 -11.928638458 0.646415949 0.013814691 0.762860119 129.529373169
0.772629797 -0.023144757 -0.634434819 -124.252578735 0.007899255 0.999608338 -0.026846722 -11.970145226 0.634807706 0.015731018 0.772510052 130.202758789
0.782263994 -0.024089955 -0.622481167 -124.801422119 0.007882097 0.999554753 -0.028777333 -12.009756088 0.622897267 0.017605014 0.782105565 130.879882812
0.792095304 -0.023226393 -0.609955370 -125.345123291 0.007537788 0.999571800 -0.028273875 -12.047894478 0.610350847 0.017797889 0.791931212 131.570846558
0.802016556 -0.021642435 -0.596909583 -125.866600037 0.007128830 0.999619007 -0.026665261 -12.087067604 0.597259283 0.017130716 0.801865280 132.265609741
0.811884046 -0.019363087 -0.583497584 -126.378829956 0.006813740 0.999696016 -0.023693731 -12.125471115 0.583778977 0.015260762 0.811769187 132.960876465
0.821268916 -0.018215304 -0.570250511 -126.866615295 0.007325583 0.999744475 -0.021384245 -12.159998894 0.570494294 0.013384799 0.821192503 133.653793335
0.830206931 -0.016880309 -0.557199717 -127.353446960 0.007940385 0.999798119 -0.018457903 -12.194429398 0.557398796 0.010899499 0.830173373 134.361907959
0.838055313 -0.016174013 -0.545345485 -127.823783875 0.008502693 0.999826252 -0.016586691 -12.222403526 0.545518994 0.009263660 0.838047266 135.078903198
0.845211565 -0.016144067 -0.534187973 -128.293273926 0.009569415 0.999840558 -0.015075803 -12.252121925 0.534346223 0.007630376 0.845231295 135.808837891
0.851657450 -0.016171789 -0.523849308 -128.742721558 0.009833987 0.999840975 -0.014878379 -12.274453163 0.524006605 0.007519755 0.851680994 136.539855957
0.858431578 -0.015623509 -0.512690187 -129.200683594 0.009375350 0.999846935 -0.014771149 -12.302114487 0.512842476 0.007873370 0.858446658 137.268524170
0.864616394 -0.013347154 -0.502255321 -129.641418457 0.007493750 0.999878466 -0.013670960 -12.331652641 0.502376735 0.008056361 0.864611328 138.044311523
0.870701730 -0.012111218 -0.491662323 -130.067520142 0.006468623 0.999892294 -0.013175043 -12.358745575 0.491768926 0.008291155 0.870686293 138.792953491
0.876493812 -0.012852605 -0.481241524 -130.500366211 0.007408627 0.999885261 -0.013210653 -12.383769035 0.481356114 0.008013718 0.876488507 139.558868408
0.881252944 -0.014188766 -0.472431958 -130.908035278 0.008562030 0.999864519 -0.014058172 -12.413033485 0.472567409 0.008343829 0.881255031 140.322540283
0.885464132 -0.014619745 -0.464477748 -131.322753906 0.008896413 0.999855101 -0.014511294 -12.436907768 0.464622617 0.008717045 0.885465920 141.108200073
0.888795257 -0.014313758 -0.458080858 -131.733505249 0.008756625 0.999860108 -0.014252744 -12.451390266 0.458220780 0.008656530 0.888796270 141.906661987
0.891905069 -0.012813579 -0.452041149 -132.150421143 0.008805612 0.999901056 -0.010969226 -12.471663475 0.452136993 0.005803009 0.891929626 142.712036133
0.894977272 -0.008446545 -0.446031809 -132.568176270 0.006199697 0.999959707 -0.006496435 -12.499267578 0.446068704 0.003048900 0.894993544 143.517272949
0.898250699 -0.005792222 -0.439445317 -132.985717773 0.004595859 0.999982297 -0.003786332 -12.516133308 0.439459443 0.001381447 0.898261368 144.343460083
0.901493311 -0.003106945 -0.432781845 -133.397247314 0.002658407 0.999995112 -0.001641458 -12.530852318 0.432784826 0.000329254 0.901497185 145.178009033
0.904664695 -0.001596043 -0.426121145 -133.810409546 0.002025451 0.999997795 0.000554571 -12.542530060 0.426119298 -0.001364788 0.904665947 146.033126831
0.907817245 -0.000206439 -0.419365972 -134.220535278 0.001777151 0.999992788 0.003354807 -12.552417755 0.419362277 -0.003790828 0.907811046 146.905502319
0.911229014 -0.000390367 -0.411899865 -134.629104614 0.002824381 0.999981940 0.005300556 -12.560667992 0.411890358 -0.005993383 0.911213696 147.783416748
0.914740920 -0.000597775 -0.404040396 -135.036376953 0.003361726 0.999975562 0.006131438 -12.567673683 0.404026836 -0.006966950 0.914720595 148.683242798
0.918340206 -0.001363394 -0.395789564 -135.436782837 0.004054520 0.999974012 0.005962943 -12.567941666 0.395771116 -0.007080747 0.918321908 149.583694458
0.922243595 -0.003475757 -0.386593670 -135.846359253 0.006115400 0.999965608 0.005598258 -12.578097343 0.386560917 -0.007527133 0.922233164 150.523773193
0.926267982 -0.005266460 -0.376828760 -136.242584229 0.007414910 0.999963462 0.004251075 -12.583644867 0.376792610 -0.006731786 0.926273167 151.460494995
0.930681169 -0.006730693 -0.365769416 -136.624450684 0.008075887 0.999965072 0.002147852 -12.588053703 0.365742177 -0.004952878 0.930703044 152.410385132
0.935559690 -0.004522977 -0.353139699 -137.014556885 0.005411479 0.999984205 0.001528732 -12.599753380 0.353127182 -0.003341228 0.935569346 153.416671753
0.941468298 -0.001090285 -0.337099761 -137.383316040 0.002066151 0.999994636 0.002536154 -12.605305672 0.337095171 -0.003084207 0.941465497 154.404785156
0.947866201 0.002822764 -0.318656147 -137.756988525 -0.001094814 0.999983728 0.005601590 -12.619165421 0.318666756 -0.004960688 0.947853804 155.436401367
0.954164088 0.005711874 -0.299229354 -138.091369629 -0.003783925 0.999968171 0.007022061 -12.619918823 0.299259961 -0.005567938 0.954155385 156.462203979
0.960455298 0.007450213 -0.278334528 -138.415786743 -0.005502528 0.999954581 0.007778204 -12.627584457 0.278379828 -0.005939073 0.960452676 157.520843506
0.966421664 0.008582270 -0.256818026 -138.723876953 -0.006439982 0.999937117 0.009181568 -12.628475189 0.256880671 -0.007219363 0.966416180 158.592742920
0.971804380 0.009553039 -0.235595003 -139.002746582 -0.006952253 0.999905407 0.011867425 -12.632911682 0.235686079 -0.009894900 0.971778870 159.690170288
0.976805508 0.011845296 -0.213800624 -139.256256104 -0.008748829 0.999842763 0.015423387 -12.634832382 0.213949695 -0.013195145 0.976755559 160.786193848
0.981326818 0.013979282 -0.191839039 -139.495635986 -0.010435752 0.999755979 0.019469388 -12.626936913 0.192064404 -0.017103847 0.981233239 161.912368774
0.985419035 0.015970897 -0.169393659 -139.713546753 -0.012317631 0.999668777 0.022595769 -12.617736816 0.169698417 -0.020179773 0.985289395 163.056503296
0.988950491 0.017766904 -0.147177503 -139.910354614 -0.014598725 0.999638498 0.022578618 -12.609628677 0.147525445 -0.020180533 0.988852382 164.223831177
0.991950095 0.017010715 -0.125481710 -140.069183350 -0.014592989 0.999690235 0.020161733 -12.595750809 0.125785813 -0.018168280 0.991891026 165.397140503
0.994308054 0.017465023 -0.105102129 -140.203887939 -0.015515300 0.999692559 0.019339910 -12.586498260 0.105407588 -0.017599137 0.994273365 166.578598022
0.996238172 0.015762780 -0.085211731 -140.317535400 -0.014010501 0.999678731 0.021122908 -12.575467110 0.085517310 -0.019849589 0.996138930 167.784622192
0.997714579 0.016151270 -0.065610871 -140.409301758 -0.014685923 0.999633193 0.022755167 -12.565452576 0.065954328 -0.021739604 0.997585773 169.011627197
0.998817027 0.017376775 -0.045416206 -140.491531372 -0.016302167 0.999580801 0.023925588 -12.554931641 0.045812916 -0.023156902 0.998681605 170.249145508
0.999502301 0.018605646 -0.025476076 -140.536865234 -0.017983828 0.999539912 0.024423318 -12.537342072 0.025918765 -0.023953006 0.999377012 171.494400024
0.999802649 0.019141756 -0.005315669 -140.573394775 -0.019001948 0.999501526 0.025211761 -12.522921562 0.005795616 -0.025105776 0.999668002 172.777740479
0.999669790 0.021016505 0.014784369 -140.569168091 -0.021375088 0.999470592 0.024529524 -12.507621765 -0.014261017 -0.024837442 0.999589801 174.045394897
0.999156773 0.022032596 0.034644935 -140.544860840 -0.022850687 0.999465048 0.023397628 -12.492615700 -0.034110893 -0.024169559 0.999125779 175.331680298
0.998269916 0.022614481 0.054274667 -140.500320435 -0.023794385 0.999492228 0.021192579 -12.481536865 -0.053767849 -0.022447346 0.998301148 176.644805908
0.997008979 0.024758428 0.073212482 -140.432785034 -0.026182815 0.999484837 0.018560085 -12.471760750 -0.072715253 -0.020421481 0.997143626 177.963897705
0.995464981 0.024693523 0.091868088 -140.334259033 -0.026332218 0.999514282 0.016668154 -12.459745407 -0.091411874 -0.019011654 0.995631695 179.307785034
0.993600070 0.024881110 0.110180780 -140.203002930 -0.026532480 0.999556184 0.013546916 -12.456622124 -0.109794810 -0.016383586 0.993819237 180.637435913
0.991369545 0.025598366 0.128573701 -140.050506592 -0.026886154 0.999604106 0.008290050 -12.459245682 -0.128310591 -0.011675355 0.991665304 181.971649170
0.988887131 0.027514836 0.146099970 -139.869369507 -0.028093468 0.999603510 0.001898310 -12.469448090 -0.145989820 -0.005981669 0.989268005 183.318557739
0.986093044 0.029754741 0.163508743 -139.672439575 -0.029618092 0.999555945 -0.003274028 -12.482412338 -0.163533553 -0.001614321 0.986536443 184.685958862
0.982970476 0.032238498 0.180913523 -139.454818726 -0.031478733 0.999479413 -0.007069963 -12.510683060 -0.181047261 0.001254638 0.983473599 186.054107666
0.979459763 0.034158476 0.198725447 -139.209503174 -0.032821316 0.999410987 -0.010019842 -12.537622452 -0.198950663 0.003291600 0.980003953 187.424072266
0.975853980 0.033438507 0.215849131 -138.919769287 -0.032124504 0.999437809 -0.009594121 -12.571212769 -0.216048598 0.002428415 0.976379573 188.791748047
0.971999884 0.032652766 0.232701525 -138.615295410 -0.031131906 0.999463201 -0.010206317 -12.606683731 -0.232909873 0.002676096 0.972494662 190.169265747
0.967889130 0.032736138 0.249236897 -138.283981323 -0.029913396 0.999438345 -0.015105709 -12.645215988 -0.249591425 0.007165128 0.968324721 191.536712646
0.963503838 0.034020390 0.265523851 -137.935684204 -0.029943606 0.999363542 -0.019387932 -12.688406944 -0.266014457 0.010729607 0.963909328 192.895538330
0.958679020 0.036777709 0.282102704 -137.556564331 -0.032655161 0.999280274 -0.019302975 -12.732428551 -0.282609582 0.009293249 0.959190011 194.308334351
0.953451991 0.038471300 0.299080610 -137.143814087 -0.033895969 0.999215662 -0.020472560 -12.774322510 -0.299633652 0.009381977 0.954008222 195.700759888
0.947771251 0.041871250 0.316190600 -136.708862305 -0.036383051 0.999067545 -0.023243571 -12.827247620 -0.316868991 0.010525609 0.948410928 197.087997437
0.941850901 0.042515170 0.333330631 -136.248291016 -0.035395965 0.998997569 -0.027404709 -12.880081177 -0.334161609 0.014012591 0.942411602 198.482696533
0.935760140 0.043578062 0.349934131 -135.760375977 -0.035446361 0.998932779 -0.029612035 -12.941350937 -0.350851119 0.015305870 0.936306179 199.871917725
0.929067373 0.043990288 0.367285460 -135.244949341 -0.033608869 0.998835385 -0.034616541 -13.011477470 -0.368380517 0.019817052 0.929463863 201.262573242
0.921617568 0.046954948 0.385248363 -134.681198120 -0.033945806 0.998602569 -0.040504470 -13.088566780 -0.386611879 0.024252070 0.921923578 202.645523071
0.912345827 0.050472222 0.406297475 -134.102401733 -0.035714101 0.998400450 -0.043829653 -13.171963692 -0.407859772 0.025477253 0.912689090 204.032287598
0.901309311 0.053436141 0.429867566 -133.505401611 -0.037614729 0.998268366 -0.045225807 -13.258868217 -0.431539893 0.024593087 0.901758552 205.402877808
