1.000000000 0.000000000 0.000000000 0.000000000 0.000000000 1.000000000 0.000000000 0.000000000 0.000000000 0.000000000 1.000000000 0.000000000
0.999933541 -0.002483488 0.011257905 0.011456826 0.002471620 0.999996364 0.001067924 -0.006101934 -0.011260516 -0.001040027 0.999936044 0.295785129
0.999831319 -0.004617538 0.017778158 0.020983048 0.004597393 0.999988735 0.001173808 -0.010224954 -0.017783379 -0.001091877 0.999841273 0.593087375
0.999781847 -0.007333821 0.019556362 0.031663414 0.007337604 0.999973059 -0.000121687 -0.012635392 -0.019554943 0.000265157 0.999808729 0.902203560
0.999818921 -0.008715861 0.016914967 0.044562928 0.008746407 0.999960244 -0.001732726 -0.012957082 -0.016899193 0.001880357 0.999855459 1.222523451
0.999887109 -0.011438152 0.009746352 0.050747242 0.011473102 0.999927938 -0.003537595 -0.011865907 -0.009705186 0.003649017 0.999946237 1.547331214
0.999915063 -0.012899618 -0.001871499 0.040258091 0.012889287 0.999902189 -0.005430397 -0.015230185 0.001941366 0.005405813 0.999983490 1.880833507
0.999756217 -0.012277690 -0.018351151 0.019508274 0.012172579 0.999908924 -0.005828654 -0.019680366 0.018421045 0.005603853 0.999814570 2.224433661
0.999264300 -0.007628384 -0.037587456 -0.016661381 0.007413164 0.999955356 -0.005861943 -0.025928739 0.037630498 0.005578987 0.999276161 2.576911688
0.998351574 -0.004046590 -0.057252921 -0.062603846 0.003633628 0.999966621 -0.007315206 -0.028310556 0.057280615 0.007095111 0.998332977 2.937984228
0.997000515 -0.003684933 -0.077307366 -0.099745423 0.003092526 0.999964893 -0.007781317 -0.033089153 0.077333316 0.007518902 0.996976972 3.313203812
0.995152235 -0.005056327 -0.098216884 -0.152459592 0.004353531 0.999963403 -0.007368556 -0.035840683 0.098250546 0.006905245 0.995137811 3.698338032
0.992984474 -0.006628489 -0.118059307 -0.210085556 0.005922842 0.999962389 -0.006326905 -0.045139905 0.118096814 0.005583271 0.992986381 4.095348835
0.990823627 -0.005546541 -0.135047212 -0.287818730 0.004817583 0.999971986 -0.005724009 -0.052906789 0.135075197 0.005020882 0.990822554 4.497762680
0.988520145 -0.004315122 -0.151026919 -0.363224179 0.003561180 0.999979794 -0.005262210 -0.058318619 0.151046574 0.004663967 0.988515675 4.917618275
0.986389756 -0.003530193 -0.164385885 -0.453884214 0.002677085 0.999981761 -0.005410924 -0.067748651 0.164401993 0.004897205 0.986381233 5.347043991
0.984388590 -0.005072153 -0.175935745 -0.551488519 0.004074648 0.999973416 -0.006030506 -0.077792384 0.175961673 0.005219485 0.984383106 5.783427238
0.982676625 -0.008559691 -0.185130745 -0.641968846 0.007149615 0.999940097 -0.008282898 -0.086151786 0.185190558 0.006815796 0.982679009 6.230816364
0.981145680 -0.007781340 -0.193112805 -0.742213368 0.005903192 0.999929547 -0.010299163 -0.092964828 0.193179339 0.008964998 0.981122494 6.705270767
0.979645371 -0.007446224 -0.200597912 -0.851327896 0.005181051 0.999916852 -0.011814737 -0.104195274 0.200669155 0.010534945 0.979602456 7.180423260
0.978028357 -0.008326750 -0.208305344 -0.969815910 0.005446974 0.999881566 -0.014394583 -0.114705011 0.208400518 0.012943679 0.977957964 7.667431355
0.976285398 -0.012067243 -0.216150761 -1.084752202 0.008723633 0.999827147 -0.016416335 -0.124170482 0.216311485 0.014141407 0.976221919 8.150276184
0.974360347 -0.018524770 -0.224229142 -1.196434021 0.014866205 0.999727607 -0.017993571 -0.135314867 0.224501386 0.014198782 0.974370301 8.673237801
0.972370505 -0.019021470 -0.232666537 -1.334124923 0.014704636 0.999686301 -0.020274291 -0.153839827 0.232979193 0.016292850 0.972345233 9.195524216
0.970308900 -0.015049703 -0.241400108 -1.484942079 0.009332647 0.999648571 -0.024808869 -0.164000422 0.241688639 0.021819368 0.970108509 9.733117104
0.968178034 -0.011905923 -0.249978736 -1.648712277 0.005173753 0.999606431 -0.027570833 -0.185254559 0.250208616 0.025400149 0.967858732 10.282460213
0.965980649 -0.014586163 -0.258202612 -1.802563787 0.007308180 0.999549091 -0.029124515 -0.208329737 0.258510977 0.026246728 0.965651691 10.844010353
0.963609576 -0.017542101 -0.266737372 -1.958864808 0.009567164 0.999468386 -0.031168358 -0.231677026 0.267142266 0.027482212 0.963265121 11.420983315
0.961484969 -0.016753575 -0.274346292 -2.143011808 0.007846297 0.999406874 -0.033532575 -0.256598771 0.274745345 0.030088468 0.961046159 12.004636765
0.959211528 -0.015691940 -0.282253206 -2.343223810 0.005350440 0.999287069 -0.037372641 -0.283829689 0.282638401 0.034338091 0.958611727 12.598692894
0.956957340 -0.016846636 -0.289739162 -2.537231684 0.004739914 0.999087930 -0.042436019 -0.312964857 0.290189773 0.039236121 0.956164479 13.205904007
0.955256760 -0.017731421 -0.295245945 -2.744334698 0.003056891 0.998740017 -0.050090313 -0.349289238 0.295762122 0.046946578 0.954107285 13.821175575
0.953969181 -0.018495834 -0.299333543 -2.955714226 0.001183466 0.998320878 -0.057914611 -0.389387339 0.299902052 0.054894499 0.952389240 14.452071190
0.952798247 -0.018631890 -0.303031921 -3.173176050 -0.001584048 0.997796476 -0.066330008 -0.433666736 0.303600103 0.063679129 0.950669229 15.083400726
0.951482236 -0.017795317 -0.307188720 -3.401645899 -0.005613534 0.997156322 -0.075152136 -0.483729631 0.307652563 0.073230334 0.948676586 15.734375000
0.950259268 -0.016640035 -0.311015129 -3.635558844 -0.009481031 0.996563554 -0.082286313 -0.538107812 0.311315626 0.081142083 0.946836054 16.380130768
0.948628902 -0.014722429 -0.316048235 -3.868086338 -0.014130682 0.995948493 -0.088807806 -0.599591076 0.316075295 0.088711634 0.944577515 17.050298691
0.947191656 -0.013500189 -0.320383430 -4.129871845 -0.017783593 0.995364189 -0.094518244 -0.671926856 0.320174247 0.095224470 0.942560792 17.727642059
0.945566952 -0.011701745 -0.325217217 -4.375801086 -0.021891970 0.994802177 -0.099445060 -0.753178000 0.324690491 0.101151608 0.940395892 18.402584076
0.943818867 -0.009426763 -0.330328852 -4.640680790 -0.025942164 0.994394660 -0.102499738 -0.826853156 0.329443514 0.105310619 0.938283861 19.113220215
0.942079127 -0.008081383 -0.335293353 -4.910847664 -0.028558198 0.994145989 -0.104201794 -0.909395397 0.334172606 0.107741706 0.936333477 19.810865402
0.939864159 -0.008106815 -0.341452450 -5.191127300 -0.029053397 0.994197130 -0.103575252 -0.991320670 0.340310752 0.107267007 0.934174776 20.538562775
0.937603772 -0.007404858 -0.347626597 -5.465340137 -0.029846150 0.994369209 -0.101681024 -1.080291271 0.346422106 0.105711825 0.932103336 21.256896973
0.935153008 -0.007897490 -0.354156017 -5.762670994 -0.029412689 0.994568288 -0.099842884 -1.164366364 0.353020877 0.103785053 0.929841280 21.987844467
0.932085156 -0.006717364 -0.362176955 -6.059443951 -0.030484749 0.994826555 -0.096905641 -1.247084856 0.360954285 0.101365171 0.927058339 22.710876465
0.928815305 -0.004988872 -0.370509535 -6.375633717 -0.031123122 0.995325625 -0.091423266 -1.326065779 0.369233757 0.096446723 0.924318373 23.465549469
0.925369740 -0.001420248 -0.379062861 -6.709403515 -0.033760127 0.995710373 -0.086146042 -1.417897582 0.377559155 0.092514150 0.921352327 24.228662491
0.921916723 0.002497639 -0.387379974 -7.051429749 -0.037336539 0.995896816 -0.082435310 -1.495266795 0.385584593 0.090461932 0.918227196 24.992429733
0.918317020 0.004353582 -0.395822018 -7.407614231 -0.039461017 0.995965421 -0.080596097 -1.575746775 0.393874198 0.089632288 0.914783716 25.744262695
0.914257228 0.003663369 -0.405117661 -7.758543968 -0.039419994 0.996018648 -0.079955108 -1.648437977 0.403211892 0.089069262 0.910761654 26.515914917
0.910768509 0.004192044 -0.412896067 -8.141702652 -0.040272024 0.996083021 -0.078719258 -1.719930649 0.410948813 0.088323176 0.907369792 27.289428711
0.906918526 0.004651589 -0.421280324 -8.520789146 -0.040790349 0.996210814 -0.076812409 -1.793325067 0.419326752 0.086846776 0.903671801 28.075857162
0.903045714 0.003365800 -0.429531157 -8.926095963 -0.039173670 0.996447504 -0.074550517 -1.873334289 0.427754313 0.084148847 0.899969518 28.892982483
0.899394035 0.003733787 -0.437122881 -9.335768700 -0.038491618 0.996755779 -0.070683680 -1.942268610 0.435440868 0.080398060 0.896619976 29.699743271
0.895902038 0.007197542 -0.444193363 -9.761662483 -0.040355835 0.997053266 -0.065238573 -2.012277365 0.442414910 0.076373175 0.893552542 30.497034073
0.892284691 0.007318865 -0.451413870 -10.194285393 -0.038962834 0.997386515 -0.060844839 -2.080933094 0.449788749 0.071879290 0.890237868 31.314498901
0.888716936 0.006817426 -0.458405644 -10.625196457 -0.038158827 0.997519791 -0.059143856 -2.147973061 0.456865519 0.070054382 0.886772931 32.128631592
0.885489404 0.005702244 -0.464624584 -11.073028564 -0.037014063 0.997612715 -0.058298517 -2.209159136 0.463183016 0.068820357 0.883586526 32.963256836
0.882439137 0.006117550 -0.470386684 -11.541933060 -0.036901616 0.997734427 -0.056251045 -2.270837069 0.468976915 0.066996150 0.880665720 33.808353424
0.879349172 0.003503358 -0.476164550 -12.013828278 -0.033615585 0.997934818 -0.054736771 -2.326116085 0.474989444 0.064139292 0.877650857 34.658298492
0.877036572 0.002999374 -0.480414182 -12.525165558 -0.033415738 0.997939587 -0.054772798 -2.391996622 0.479260027 0.064091139 0.875329673 35.519725800
0.874665916 0.001445929 -0.484724075 -12.977353096 -0.032098897 0.997973323 -0.054944281 -2.455814600 0.483662248 0.063616998 0.872939706 36.360599518
0.873398781 0.001781326 -0.487002522 -13.491229057 -0.032945268 0.997918606 -0.055434495 -2.517724752 0.485890150 0.064460851 0.871639669 37.239742279
0.872755229 0.001629262 -0.488155276 -13.983119965 -0.032371469 0.997986436 -0.054544918 -2.579848289 0.487083554 0.063406661 0.871050656 38.106651306
0.872464716 0.001912402 -0.488673300 -14.495590210 -0.031859092 0.998087525 -0.052974440 -2.642193794 0.487637430 0.061787017 0.870857120 39.007030487
0.872532248 0.001754812 -0.488553196 -15.042945862 -0.031346556 0.998134315 -0.052398279 -2.712564707 0.487549692 0.061033655 0.870959342 39.903976440
0.871878147 -0.000459528 -0.489722669 -15.571949005 -0.029215269 0.998169839 -0.052950054 -2.778560638 0.488850623 0.060473375 0.870269001 40.824562073
0.870812058 -0.002628353 -0.491608977 -16.109138489 -0.027123017 0.998205781 -0.053381223 -2.846486092 0.490867198 0.059818935 0.869178355 41.753719330
0.869283557 -0.003258160 -0.494303018 -16.664701462 -0.025589444 0.998340845 -0.051582195 -2.908756256 0.493651003 0.057488494 0.867757857 42.710037231
0.867258668 -0.002714619 -0.497850418 -17.211875916 -0.024313701 0.998560965 -0.047799464 -2.973097563 0.497263730 0.053559087 0.865944684 43.627464294
0.864621699 -0.002947682 -0.502414763 -17.774677277 -0.021928746 0.998808384 -0.043597907 -3.040903330 0.501944721 0.048713021 0.863526762 44.563770294
0.860575259 -0.003643065 -0.509310365 -18.346044540 -0.020309461 0.998933613 -0.041461952 -3.109663248 0.508918166 0.046024952 0.859583616 45.518989563
0.855481863 -0.006953312 -0.517786086 -18.919599533 -0.018533707 0.998858094 -0.044034839 -3.168662548 0.517500937 0.047267500 0.854376078 46.440086365
0.849787533 -0.010014043 -0.527030230 -19.489757538 -0.017396903 0.998741984 -0.047027886 -3.232639551 0.526838243 0.049132399 0.848544359 47.335494995
0.843800664 -0.010376426 -0.536556602 -20.079780579 -0.017319204 0.998765707 -0.046551622 -3.290535688 0.536377430 0.048573010 0.842579424 48.241203308
0.838208258 -0.006386578 -0.545313001 -20.686029434 -0.019231590 0.998963296 -0.041260779 -3.354619503 0.545011103 0.045072351 0.837216377 49.139293671
0.833325326 -0.001194965 -0.552781701 -21.307415009 -0.022983808 0.999057949 -0.036808077 -3.416754484 0.552304924 0.043378118 0.832512796 50.037410736
0.829261065 -0.002196726 -0.558857083 -21.935213089 -0.023199869 0.998994946 -0.038351964 -3.473039150 0.558379650 0.044769209 0.828376591 50.938045502
0.825691521 -0.004765617 -0.564101875 -22.560506821 -0.023191478 0.998832107 -0.042384297 -3.536248922 0.563645065 0.048078712 0.824616671 51.842967987
0.823107600 -0.005879370 -0.567854941 -23.194063187 -0.026999576 0.998410404 -0.049473166 -3.595044613 0.567243218 0.056053583 0.821640491 52.709812164
0.819907188 -0.007461055 -0.572447777 -23.833175659 -0.026585111 0.998340130 -0.051089372 -3.659143925 0.571878791 0.057107128 0.818347931 53.605228424
0.816856980 -0.005186769 -0.576816976 -24.483493805 -0.026887778 0.998530328 -0.047055859 -3.724482536 0.576213300 0.053947229 0.815516949 54.489288330
0.813726127 -0.003140681 -0.581239879 -25.133605957 -0.026072288 0.998781681 -0.041897595 -3.789409399 0.580663383 0.049247425 0.812652826 55.378135681
0.810669303 -0.001128717 -0.585503161 -25.784025192 -0.026738277 0.998883486 -0.038946595 -3.848063231 0.584893465 0.047228158 0.809733987 56.257408142
0.807772577 -0.001118929 -0.589493215 -26.453502655 -0.027405232 0.998845637 -0.039448854 -3.908512115 0.588856876 0.048020899 0.806809485 57.144794464
0.804188192 -0.002568571 -0.594369233 -27.119728088 -0.027336001 0.998772681 -0.041302115 -3.964800358 0.593745768 0.049462348 0.803130925 58.025341034
0.800478637 -0.004817723 -0.599341929 -27.788459778 -0.026600841 0.998696744 -0.043555852 -4.028509140 0.598770738 0.050808527 0.799307287 58.880496979
0.796280861 -0.006033993 -0.604897082 -28.458211899 -0.025781374 0.998703241 -0.043900672 -4.089025021 0.604377449 0.050552331 0.795092702 59.741241455
0.791899681 -0.005925443 -0.610622525 -29.136674881 -0.025667222 0.998746216 -0.042978883 -4.149456024 0.610111654 0.049707942 0.790754676 60.592269897
0.787310958 -0.005508617 -0.616531491 -29.843690872 -0.025982769 0.998775303 -0.042103924 -4.217155933 0.616008401 0.049168069 0.786203623 61.462375641
0.782301664 -0.006699229 -0.622863829 -30.546396255 -0.025534267 0.998756766 -0.042812575 -4.280705452 0.622376323 0.049396716 0.781157911 62.317298889
0.776645541 -0.008027120 -0.629886687 -31.257904053 -0.024786839 0.998754919 -0.043289881 -4.347707272 0.629449964 0.049233794 0.775479615 63.188198090
0.771252513 -0.010068042 -0.636449635 -31.983364105 -0.023619359 0.998733759 -0.044421077 -4.411725044 0.636090994 0.049292408 0.770038009 64.044784546
0.765916407 -0.011585508 -0.642835736 -32.716304779 -0.023257917 0.998684049 -0.045709774 -4.472042084 0.642519355 0.049960889 0.764639020 64.885116577
0.759900928 -0.013828016 -0.649891675 -33.443805695 -0.021644678 0.998681068 -0.046557888 -4.539381504 0.649678290 0.049446087 0.758599401 65.725433350
0.753936529 -0.015097374 -0.656773686 -34.190864563 -0.020616300 0.998699725 -0.046623558 -4.603395939 0.656623602 0.048691459 0.752645016 66.570106506
0.747767150 -0.014749113 -0.663797319 -34.952823639 -0.020063823 0.998794734 -0.044794392 -4.673408031 0.663657963 0.046814080 0.746569872 67.404029846
0.741654813 -0.015046475 -0.670613050 -35.721744537 -0.019532621 0.998840034 -0.044012684 -4.738166809 0.670497298 0.045741048 0.740500510 68.237312317
0.734847188 -0.017175691 -0.678015113 -36.500984192 -0.018049812 0.998829961 -0.044865441 -4.802992821 0.677992463 0.045207288 0.733677328 69.071205139
0.728754401 -0.019042486 -0.684510231 -37.294998169 -0.017360158 0.998778224 -0.046267394 -4.867716789 0.684555054 0.045600772 0.727533519 69.890563965
0.722948313 -0.018123573 -0.690664291 -38.102699280 -0.019068405 0.998751700 -0.046167746 -4.936751366 0.690638840 0.046546765 0.721700311 70.701324463
0.717710376 -0.018012743 -0.696108639 -38.925540924 -0.018630968 0.998810768 -0.045054689 -5.000920296 0.696092427 0.045305401 0.716521263 71.530754089
0.712818325 -0.017198924 -0.701137841 -39.750885010 -0.019830752 0.998805344 -0.044661831 -5.078689098 0.701068342 0.045739863 0.711625636 72.343894958
0.708305538 -0.018245483 -0.705670178 -40.587192535 -0.019275211 0.998793244 -0.045171533 -5.151229382 0.705642819 0.045597196 0.707099020 73.153083801
0.703135848 -0.020056302 -0.710772574 -41.425800323 -0.020355923 0.998624682 -0.048316017 -5.213770866 0.710763991 0.048441157 0.701760590 73.962615967
0.698229790 -0.022993054 -0.715504467 -42.281108856 -0.019483689 0.998503447 -0.051100649 -5.279713631 0.715608537 0.049620654 0.696736813 74.775047302
0.693318963 -0.023250951 -0.720255792 -43.143222809 -0.019944409 0.998477399 -0.051430874 -5.356119633 0.720354795 0.050023071 0.691799462 75.585845947
0.688461363 -0.022796009 -0.724914789 -44.015300751 -0.019693794 0.998549819 -0.050104335 -5.428940296 0.725005567 0.048771217 0.687014043 76.396888733
0.683141351 -0.022860941 -0.729928255 -44.895828247 -0.018720375 0.998633265 -0.048797067 -5.507828712 0.730046153 0.046999827 0.681779742 77.211524963
0.678403556 -0.024201822 -0.734290779 -45.779350281 -0.017938303 0.998613656 -0.049486771 -5.578986645 0.734470487 0.046743929 0.677028894 78.008636475
0.673680782 -0.024938179 -0.738601685 -46.670482635 -0.017016111 0.998642027 -0.049238641 -5.653548717 0.738826632 0.045739248 0.672341526 78.804290771
0.669685543 -0.025568591 -0.742204428 -47.572574615 -0.016712485 0.998635173 -0.049482062 -5.727594852 0.742456615 0.045541506 0.668344319 79.589317322
0.665313184 -0.026471820 -0.746094882 -48.479743958 -0.015319350 0.998676598 -0.049094226 -5.804738522 0.746407151 0.044092726 0.664027333 80.391372681
0.661574781 -0.029553706 -0.749296546 -49.390132904 -0.012283781 0.998661876 -0.050234847 -5.881362915 0.749778569 0.042438306 0.660326421 81.177558899
0.657544196 -0.033760246 -0.752659202 -50.311279297 -0.009815447 0.998526931 -0.053363599 -5.955867767 0.753351986 0.042476617 0.656244218 81.960205078
0.652889371 -0.038110606 -0.756493866 -51.252735138 -0.005744189 0.998455524 -0.055257659 -6.029007435 0.757431388 0.040422581 0.651662230 82.762466431
0.645920813 -0.041423738 -0.762279689 -52.187904358 -0.001354887 0.998462856 -0.055406466 -6.106609821 0.763403177 0.036820997 0.644871950 83.558036804
0.638123751 -0.045391429 -0.768594623 -53.135623932 0.004138545 0.998448431 -0.055530049 -6.195483685 0.769922674 0.032254182 0.637321532 84.324714661
0.629590809 -0.046306066 -0.775545657 -54.101882935 0.006911430 0.998516560 -0.054008413 -6.278501987 0.776896119 0.028643075 0.628976882 85.086997986
0.620800436 -0.045115829 -0.782669365 -55.078945160 0.007464503 0.998637676 -0.051644273 -6.357300758 0.783933103 0.026218548 0.620291471 85.845695496
0.612349808 -0.044746943 -0.789319575 -56.069290161 0.006715139 0.998655319 -0.051404729 -6.439642906 0.790558398 0.026177283 0.611826897 86.589111328
0.602824509 -0.046125770 -0.796539366 -57.067070007 0.005812637 0.998554945 -0.053424992 -6.517434597 0.797852576 0.027575899 0.602221489 87.330680847
0.593425572 -0.048135258 -0.803448200 -58.085865021 0.006487750 0.998463809 -0.055026956 -6.603154182 0.804862618 0.027441839 0.592826307 88.058815002
0.583770037 -0.049784686 -0.810391247 -59.122383118 0.006601347 0.998376310 -0.056577843 -6.680654526 0.811892211 0.027678778 0.583150864 88.789215088
0.573963761 -0.050597034 -0.817315996 -60.146209717 0.009836976 0.998443305 -0.054901898 -6.769711494 0.818821490 0.023471788 0.573568106 89.498283386
0.564161837 -0.050988443 -0.824088335 -61.211074829 0.010697037 0.998459041 -0.054454114 -6.846737862 0.825594902 0.021905629 0.563837886 90.214485168
0.553546429 -0.051534679 -0.831222296 -62.268665314 0.011354589 0.998457849 -0.054341562 -6.940462112 0.832740903 0.020642390 0.553277969 90.918701172
0.543621421 -0.052230000 -0.837703884 -63.312637329 0.010610396 0.998409808 -0.055364329 -7.022631168 0.839263439 0.021208867 0.543311179 91.581474304
0.534160078 -0.052633621 -0.843743265 -64.392944336 0.009028899 0.998358309 -0.056562617 -7.106940269 0.845335186 0.022595420 0.533758342 92.245727539
0.524614811 -0.053329866 -0.849667668 -65.491744995 0.008098319 0.998303533 -0.057658885 -7.203840256 0.851301134 0.023367830 0.524156749 92.900871277
0.515555024 -0.053251740 -0.855200171 -66.607933044 0.006975674 0.998294652 -0.057956710 -7.290593147 0.856828094 0.023914279 0.515047312 93.551483154
0.506792068 -0.051167596 -0.860548496 -67.727508545 0.006428806 0.998433530 -0.055580117 -7.379743099 0.862044394 0.022635266 0.506327212 94.200729370
0.498706639 -0.050007403 -0.865327001 -68.849517822 0.007463944 0.998545051 -0.053404469 -7.468390465 0.866738617 0.020174416 0.498354375 94.845169067
0.491319746 -0.049981721 -0.869543970 -69.977165222 0.007249183 0.998552203 -0.053301141 -7.557876587 0.870949090 0.019884421 0.490970701 95.464836121
0.483671159 -0.053100102 -0.873637557 -71.110313416 0.009179615 0.998410821 -0.055601787 -7.647212505 0.875201643 0.018873321 0.483389974 96.082839966
0.476611048 -0.056641761 -0.877287626 -72.255714417 0.012181071 0.998251915 -0.057834074 -7.736203671 0.879029810 0.016878057 0.476467907 96.697776794
0.471022218 -0.058956742 -0.880148947 -73.405838013 0.012600706 0.998111904 -0.060115073 -7.835347652 0.882031262 0.017225038 0.470875829 97.293495178
0.465431660 -0.062624238 -0.882865608 -74.561370850 0.014769841 0.997904301 -0.062997870 -7.934888840 0.884960592 0.016281419 0.465381235 97.897392273
0.461047679 -0.063743480 -0.885082841 -75.707832336 0.017837659 0.997880816 -0.062575378 -8.035652161 0.887196064 0.013062426 0.461207718 98.476081848
0.456741154 -0.061455537 -0.887474358 -76.869140625 0.019369598 0.998061478 -0.059144828 -8.132503510 0.889388800 0.009823853 0.457046151 99.067550659
0.452992290 -0.059880540 -0.889501095 -78.030357361 0.022839401 0.998193860 -0.055566326 -8.233510017 0.891221821 0.004855441 0.453541756 99.649353027
0.449561298 -0.059026930 -0.891297042 -79.173027039 0.023841126 0.998251677 -0.054084878 -8.324217796 0.892931163 0.003064936 0.450182647 100.218566895
0.446829230 -0.058638912 -0.892695308 -80.318054199 0.026016686 0.998279154 -0.052552067 -8.419585228 0.894240856 0.000256823 0.447585970 100.779640198
0.444517076 -0.057597999 -0.893916607 -81.473114014 0.026840104 0.998338997 -0.050979514 -8.512043953 0.895368099 -0.001331546 0.445324659 101.336433411
0.442343563 -0.056475814 -0.895065725 -82.620040894 0.028822020 0.998395026 -0.048751656 -8.601861954 0.896382391 -0.004232619 0.443261385 101.891540527
0.439488173 -0.058141723 -0.896364689 -83.753028870 0.031523831 0.998286605 -0.049296618 -8.679906845 0.897695065 -0.006591570 0.440568000 102.451942444
0.437563330 -0.058559187 -0.897278726 -84.888786316 0.033656474 0.998244524 -0.048735738 -8.760527611 0.898557484 -0.008874265 0.438766122 102.985435486
0.434888124 -0.057904322 -0.898620784 -86.007339478 0.037043087 0.998236060 -0.046396185 -8.841822624 0.899722219 -0.013110538 0.436265975 103.535308838
0.432815552 -0.057403278 -0.899653018 -87.120597839 0.039224286 0.998224556 -0.044822264 -8.919317245 0.900628746 -0.015888479 0.434298784 104.062812805
0.431265980 -0.058904544 -0.900299907 -88.236694336 0.041440766 0.998106539 -0.045452651 -8.993634224 0.901272595 -0.017706938 0.432890385 104.581375122
0.430189192 -0.060050093 -0.900739253 -89.329429626 0.042341355 0.998029113 -0.046314120 -9.071469307 0.901745200 -0.018214691 0.431883991 105.092491150
0.429477125 -0.061124358 -0.901006758 -90.400756836 0.042730570 0.997964740 -0.047333896 -9.155591011 0.902066231 -0.018171711 0.431214899 105.597007751
0.429643542 -0.061827108 -0.900879443 -91.476005554 0.041840952 0.997944832 -0.048534065 -9.232615471 0.902028680 -0.016841309 0.431347489 106.098754883
0.431712657 -0.061297577 -0.899926007 -92.532096863 0.039721381 0.998012364 -0.048923485 -9.318210602 0.901136100 -0.014625418 0.433289468 106.598022461
0.436285853 -0.061710831 -0.897689521 -93.575569153 0.037823994 0.998021364 -0.050225228 -9.393712044 0.899012804 -0.012041641 0.437756717 107.084976196
0.440654129 -0.062372066 -0.895507514 -94.597778320 0.036722798 0.998000622 -0.051440455 -9.467507362 0.896925449 -0.010218092 0.442063570 107.583084106
0.447096616 -0.062031664 -0.892332196 -95.634880066 0.036028329 0.998031735 -0.051327780 -9.552000999 0.893759787 -0.009200761 0.448451519 108.075546265
0.453264117 -0.061028000 -0.889284611 -96.636604309 0.035318438 0.998099625 -0.050493896 -9.637120247 0.890676260 -0.008521071 0.454558194 108.590301514
0.461373687 -0.059653115 -0.885198176 -97.643692017 0.033961855 0.998193264 -0.049566552 -9.712203979 0.886555672 -0.007194270 0.462566018 109.097763062
0.469881028 -0.059474397 -0.880723894 -98.635597229 0.033531941 0.998210132 -0.049518287 -9.784811974 0.882092655 -0.006264681 0.471034318 109.615425110
0.478987455 -0.059049536 -0.875833452 -99.630828857 0.032472938 0.998243928 -0.049543347 -9.857404709 0.877220929 -0.004710237 0.480063826 110.145744324
0.488435626 -0.059766378 -0.870550752 -100.611534119 0.031983189 0.998207450 -0.050585814 -9.938534737 0.872013569 -0.003135076 0.489471585 110.689109802
0.498749673 -0.061729953 -0.864544988 -101.585876465 0.030910894 0.998092890 -0.053433217 -10.011425972 0.866194725 -0.000074058 0.499706656 111.235038757
0.510090709 -0.062007066 -0.857882500 -102.556739807 0.028457150 0.998068571 -0.055219188 -10.091444016 0.859649658 0.003753905 0.510870278 111.784790039
0.522161126 -0.059845805 -0.850744545 -103.504150391 0.026059140 0.998188615 -0.054223489 -10.169855118 0.852448642 0.006143728 0.522774935 112.349189758
0.534636915 -0.057899740 -0.843096018 -104.434608459 0.025367584 0.998300135 -0.052471921 -10.249070168 0.844700992 0.006666116 0.535197020 112.922340393
0.546703637 -0.054829281 -0.835529089 -105.366714478 0.023583382 0.998466194 -0.050090481 -10.332504272 0.836993992 0.007680048 0.547158182 113.511039734
0.558139741 -0.054983225 -0.827923238 -106.286453247 0.024432244 0.998458385 -0.049837787 -10.401712418 0.829387248 0.007588424 0.558622777 114.117935181
0.569854259 -0.054709133 -0.819922566 -107.188598633 0.023937445 0.998463094 -0.049985435 -10.482323647 0.821397126 0.008857562 0.570288002 114.721168518
0.580542326 -0.055081084 -0.812364876 -108.071533203 0.023245450 0.998423755 -0.051084548 -10.561382294 0.813898206 0.010772953 0.580907643 115.339820862
0.591175854 -0.057046872 -0.804522634 -108.929824829 0.025721118 0.998321593 -0.051888425 -10.633547783 0.806132436 0.009981968 0.591650963 115.961532593
0.601674259 -0.057465732 -0.796671689 -109.790718079 0.026633371 0.998297453 -0.051894978 -10.708952904 0.798297405 0.010005828 0.602180302 116.599365234
0.612437725 -0.054838412 -0.788614511 -110.631492615 0.025459616 0.998441696 -0.049657386 -10.785291672 0.790108800 0.010334238 0.612879574 117.232635498
0.621731997 -0.052409276 -0.781474650 -111.433067322 0.026210599 0.998592138 -0.046117324 -10.858892441 0.782791376 0.008189701 0.622230291 117.868232727
0.631129980 -0.050200872 -0.774050832 -112.250793457 0.024095617 0.998690784 -0.045123246 -10.926033974 0.775302768 0.009827396 0.631513417 118.520538330
0.640984356 -0.049473096 -0.765957952 -113.036331177 0.022195952 0.998697996 -0.045931283 -10.994415283 0.767232895 0.012440062 0.641247928 119.164344788
0.650447249 -0.049370077 -0.757945359 -113.820198059 0.020254929 0.998657823 -0.047667108 -11.057743073 0.759281337 0.015652809 0.650574267 119.814308167
0.659488499 -0.048499566 -0.750148416 -114.596900940 0.020005828 0.998695552 -0.046980936 -11.130429268 0.751448393 0.015976055 0.659598470 120.469985962
0.668188989 -0.046616476 -0.742529690 -115.340171814 0.019566691 0.998791039 -0.045097012 -11.193348885 0.743734241 0.015604484 0.668293297 121.135452271
0.677068949 -0.044787265 -0.734555364 -116.083671570 0.019833235 0.998894334 -0.042623445 -11.261950493 0.735652268 0.014290398 0.677208662 121.790130615
0.684913039 -0.044594236 -0.727258861 -116.796188354 0.020578863 0.998911083 -0.041870847 -11.322692871 0.728334069 0.013711728 0.685084939 122.453132629
0.692531228 -0.043854419 -0.720053613 -117.501472473 0.019657625 0.998927057 -0.041932769 -11.382646561 0.721119940 0.014885210 0.692650259 123.117683411
0.699945152 -0.042828020 -0.712911427 -118.197380066 0.018926457 0.998962104 -0.041430246 -11.439144135 0.713945866 0.015506011 0.700029254 123.786468506
0.707045734 -0.040359337 -0.706015110 -118.872283936 0.018222624 0.999078393 -0.038863074 -11.496191025 0.706933022 0.014612515 0.707129478 124.438865662
0.713971138 -0.037731845 -0.699157655 -119.538520813 0.017082719 0.999188364 -0.036479115 -11.548281670 0.699966788 0.014101518 0.714036167 125.119171143
0.721515059 -0.036160316 -0.691453874 -120.198173523 0.016148934 0.999242604 -0.035405438 -11.603150368 0.692210436 0.014379315 0.721552432 125.784149170
0.728808761 -0.034749847 -0.683834970 -120.830932617 0.015160168 0.999285460 -0.034622617 -11.661949158 0.684549451 0.014866215 0.728814781 126.435333252
0.736465991 -0.032045316 -0.675715148 -121.458183289 0.012706535 0.999356508 -0.033544850 -11.706676483 0.676355243 0.016118648 0.736399174 127.107261658
0.745465994 -0.029069241 -0.665909469 -122.067726135 0.011667667 0.999464691 -0.030568458 -11.758900642 0.666441679 0.015018135 0.745405912 127.763954163
0.754676819 -0.025554504 -0.655598938 -122.656112671 0.010088565 0.999575078 -0.027349094 -11.804079056 0.656019390 0.014025672 0.754613757 128.427017212
0.764385939 -0.022968255 -0.644349873 -123.232780457 0.007889678 0.999623656 -0.026272768 -11.850147247 0.644710898 0.014998818 0.764279366 129.096191406
0.774029195 -0.022083340 -0.632764697 -123.790924072 0.006390166 0.999613106 -0.027069496 -11.892340660 0.633117676 0.016909109 0.773870885 129.766021729
0.783595085 -0.023177331 -0.620839417 -124.334877014 0.006546663 0.999556363 -0.029052796 -11.932682991 0.621237397 0.018701199 0.783399224 130.442550659
0.793345451 -0.022269050 -0.608364224 -124.866027832 0.006222218 0.999575078 -0.028475082 -11.971153259 0.608739793 0.018805202 0.793146968 131.129913330
0.803267360 -0.020742398 -0.595257282 -125.382820129 0.005871421 0.999620557 -0.026909724 -12.009968758 0.595589638 0.018120695 0.803084433 131.819900513
0.813028991 -0.018377177 -0.581933081 -125.892303467 0.005384666 0.999696314 -0.024046937 -12.048659325 0.582198322 0.016417338 0.812881052 132.519943237
0.822370172 -0.017084982 -0.568696201 -126.387855530 0.005761825 0.999747872 -0.021702841 -12.085509300 0.568923593 0.014571040 0.822261274 133.225540161
0.831183970 -0.015732946 -0.555775046 -126.874122620 0.006335503 0.999802649 -0.018827537 -12.120396614 0.555961430 0.012128034 0.831119478 133.945129395
0.839068592 -0.014930452 -0.543820798 -127.346580505 0.006924273 0.999835432 -0.016766656 -12.152501106 0.543981612 0.010302813 0.839033842 134.662094116
0.846205711 -0.015151565 -0.532640874 -127.811317444 0.008293753 0.999849081 -0.015265550 -12.179967880 0.532791793 0.008500201 0.846203685 135.390014648
0.852627814 -0.014742979 -0.522310674 -128.262161255 0.008150009 0.999855459 -0.014918180 -12.205729485 0.522455156 0.008462816 0.852624774 136.110870361
0.859117985 -0.014519646 -0.511571527 -128.710815430 0.007879336 0.999854207 -0.015145972 -12.233156204 0.511716962 0.008981330 0.859107196 136.859161377
0.865777433 -0.012505743 -0.500272930 -129.152297974 0.006210512 0.999879181 -0.014246847 -12.259105682 0.500390708 0.009227647 0.865750611 137.599716187
0.871585131 -0.011487368 -0.490109593 -129.576812744 0.005540916 0.999892414 -0.013582170 -12.288897514 0.490212888 0.009122360 0.871555030 138.361831665
0.877538025 -0.011964589 -0.479357630 -130.010803223 0.006184262 0.999887884 -0.013635584 -12.316779137 0.479467034 0.009001272 0.877513647 139.125946045
0.882313073 -0.013283401 -0.470475465 -130.419708252 0.007259241 0.999866784 -0.014616505 -12.344100952 0.470606953 0.009481039 0.882291973 139.899475098
0.886721373 -0.013997488 -0.462092251 -130.840927124 0.007835503 0.999853015 -0.015251335 -12.361394882 0.462237835 0.009902960 0.886700690 140.681762695
0.890228629 -0.013200645 -0.455322593 -131.260589600 0.007404109 0.999867320 -0.014511784 -12.383837700 0.455453724 0.009547548 0.890208244 141.475448608
0.893122077 -0.011583805 -0.449665099 -131.657287598 0.007247040 0.999909103 -0.011364590 -12.406253815 0.449755937 0.006891228 0.893124938 142.268539429
0.896108091 -0.007397720 -0.443774253 -132.069625854 0.004656709 0.999962807 -0.007266147 -12.424343109 0.443811506 0.004444726 0.896109223 143.081130981
0.899261832 -0.005165487 -0.437380224 -132.474365234 0.003556116 0.999983549 -0.004498427 -12.445235252 0.437396228 0.002489889 0.899265409 143.902267456
0.902385235 -0.002565073 -0.430922657 -132.883377075 0.001664262 0.999995530 -0.002467394 -12.457865715 0.430927098 0.001509371 0.902385473 144.740936279
0.905441523 -0.000908846 -0.424469858 -133.291503906 0.000874589 0.999999583 -0.000275536 -12.468947411 0.424469888 -0.000121755 0.905441999 145.596420288
0.908677280 0.000625649 -0.417498708 -133.707046509 0.000499243 0.999996543 0.002585152 -12.479194641 0.417498946 -0.002557502 0.908673823 146.466674805
0.912067354 0.000091045 -0.410040230 -134.110641479 0.001844788 0.999988914 0.004325466 -12.488028526 0.410036057 -0.004701553 0.912057161 147.344390869
0.915539443 0.000151045 -0.402228028 -134.514984131 0.002240340 0.999982476 0.005474907 -12.497370720 0.402221799 -0.005913621 0.915523171 148.245391846
0.919286251 -0.000245714 -0.393589437 -134.917205811 0.002637482 0.999981165 0.005535949 -12.505105972 0.393580675 -0.006127207 0.919269681 149.148361206
0.923040271 -0.002785762 -0.384693235 -135.317626953 0.005140281 0.999973834 0.005092361 -12.518801689 0.384668916 -0.006677886 0.923030496 150.093688965
0.926785827 -0.004505095 -0.375563294 -135.695205688 0.006391253 0.999972582 0.003776602 -12.521921158 0.375535846 -0.005900423 0.926788986 151.031539917
0.931208968 -0.005431628 -0.364445150 -136.083282471 0.006619789 0.999975979 0.002011026 -12.533553123 0.364425540 -0.004285235 0.931222737 151.989700317
0.936168075 -0.003439230 -0.351535946 -136.461318970 0.004127127 0.999990761 0.001207519 -12.545326233 0.351528555 -0.002581274 0.936173618 152.968551636
0.942113280 0.000174328 -0.335294604 -136.831100464 0.000637035 0.999997139 0.002309870 -12.553959846 0.335294068 -0.002389753 0.942110479 153.965942383
0.948469400 0.003754036 -0.316846460 -137.185134888 -0.002229472 0.999984145 0.005174086 -12.563222885 0.316860855 -0.004201062 0.948462725 154.972640991
0.954813659 0.006940977 -0.297124088 -137.528503418 -0.005241594 0.999964952 0.006515762 -12.568025589 0.297158927 -0.004663934 0.954816639 156.017990112
0.961073101 0.008377844 -0.276167095 -137.847076416 -0.006623919 0.999951541 0.007283160 -12.573927879 0.276214749 -0.005170341 0.961082041 157.075454712
0.966901124 0.009455920 -0.254975736 -138.145095825 -0.007518263 0.999934912 0.008572923 -12.574898720 0.255040228 -0.006372196 0.966909349 158.144912720
0.972233534 0.010127597 -0.233793467 -138.418212891 -0.007707955 0.999906898 0.011260887 -12.577808380 0.233885750 -0.009146145 0.972221076 159.238647461
0.977165818 0.012711152 -0.212097600 -138.675506592 -0.009806831 0.999843299 0.014739717 -12.580556870 0.212251753 -0.012323140 0.977137327 160.340728760
0.981670320 0.014783252 -0.190012828 -138.905746460 -0.011424217 0.999758720 0.018761201 -12.577427864 0.190244317 -0.016246561 0.981602252 161.454742432
0.985695720 0.017010422 -0.167674199 -139.122390747 -0.013497693 0.999665380 0.022067279 -12.571002007 0.167993426 -0.019488402 0.985595465 162.602767944
0.989148557 0.018596102 -0.145737067 -139.308715820 -0.015556572 0.999637544 0.021968365 -12.565059662 0.146092787 -0.019462805 0.989079416 163.758514404
0.992120087 0.018268406 -0.123951569 -139.474929810 -0.015930155 0.999676466 0.019829268 -12.553449631 0.124273717 -0.017698443 0.992090106 164.939392090
0.994473636 0.018699244 -0.103308186 -139.608413696 -0.016832711 0.999679506 0.018910056 -12.546979904 0.103628680 -0.017066594 0.994469643 166.117294312
0.996372879 0.017032845 -0.083372489 -139.715225220 -0.015351519 0.999666512 0.020766184 -12.537558556 0.083698392 -0.019410968 0.996302068 167.328491211
0.997834086 0.017681686 -0.063358754 -139.810729980 -0.016297555 0.999618471 0.022296639 -12.528006554 0.063728817 -0.021215754 0.997741699 168.545440674
0.998903751 0.018252509 -0.043104600 -139.879928589 -0.017261863 0.999580801 0.023243848 -12.517803192 0.043510783 -0.022474298 0.998800159 169.785781860
0.999540627 0.020142291 -0.022644926 -139.932754517 -0.019604832 0.999526620 0.023710759 -12.504484177 0.023111794 -0.023255918 0.999462366 171.032287598
0.999795616 0.020071745 -0.002415757 -139.953781128 -0.020007672 0.999508560 0.024132367 -12.490254402 0.002898948 -0.024079097 0.999705851 172.294036865
0.999592662 0.022363637 0.017730588 -139.947921753 -0.022780417 0.999460399 0.023663551 -12.481869698 -0.017191812 -0.024057817 0.999562740 173.566162109
0.999016702 0.023743622 0.037439197 -139.923538208 -0.024599925 0.999442279 0.022579324 -12.467854500 -0.036882199 -0.023478130 0.999043703 174.859802246
0.998077393 0.024096115 0.057102714 -139.872497559 -0.025276680 0.999479532 0.020043058 -12.455013275 -0.056590028 -0.021447895 0.998167098 176.162109375
0.996778965 0.026696544 0.075623900 -139.789764404 -0.028111804 0.999447882 0.017711958 -12.455811501 -0.075109296 -0.019780831 0.996979117 177.458602905
0.995198965 0.026521565 0.094210818 -139.682846069 -0.028146731 0.999476314 0.015963385 -12.448210716 -0.093738094 -0.018538469 0.995424271 178.775314331
0.993292809 0.026502311 0.112548009 -139.542434692 -0.028127033 0.999521613 0.012872315 -12.447543144 -0.112152986 -0.015951622 0.993562937 180.115737915
0.990954816 0.028035814 0.131234825 -139.388793945 -0.029276779 0.999543071 0.007535865 -12.453105927 -0.130963564 -0.011309836 0.991322696 181.440399170
0.988429189 0.029231733 0.148839071 -139.209930420 -0.029730989 0.999557316 0.001129982 -12.465218544 -0.148740172 -0.005542040 0.988860786 182.781265259
0.985631645 0.031401753 0.165964559 -139.003524780 -0.031110104 0.999506474 -0.004357273 -12.477408409 -0.166019440 -0.000868509 0.986122012 184.142349243
0.982512712 0.033691712 0.183121949 -138.773315430 -0.032760072 0.999430358 -0.008111202 -12.506658554 -0.183290929 0.001970269 0.983056664 185.518829346
0.978985250 0.036049712 0.200719491 -138.518264771 -0.034522273 0.999342144 -0.011106096 -12.537133217 -0.200987831 0.003943408 0.979585826 186.868637085
0.975428164 0.034969389 0.217524394 -138.224838257 -0.033437654 0.999383330 -0.010719723 -12.572223663 -0.217765123 0.003182816 0.975996017 188.243072510
0.971449316 0.034294892 0.234755412 -137.922164917 -0.032502629 0.999405503 -0.011500679 -12.605429649 -0.235010237 0.003542158 0.971986353 189.625900269
0.967279434 0.034750227 0.251322389 -137.584091187 -0.031631444 0.999364376 -0.016439818 -12.648955345 -0.251733899 0.007952206 0.967763722 191.009735107
0.962940454 0.035723489 0.267337769 -137.225112915 -0.031312678 0.999294341 -0.020745443 -12.690822601 -0.267890215 0.011605571 0.963379562 192.378433228
0.958120644 0.037539225 0.283894241 -136.832397461 -0.032914937 0.999236524 -0.021043364 -12.731205940 -0.284467429 0.010817721 0.958624661 193.793136597
0.952709138 0.039916232 0.301250488 -136.418106079 -0.035039384 0.999152899 -0.021576986 -12.784581184 -0.301856577 0.010000959 0.953300893 195.191085815
0.946871459 0.043855332 0.318608165 -135.988616943 -0.037996266 0.998975337 -0.024584506 -12.834774017 -0.319359899 0.011172443 0.947567642 196.591125488
0.940918207 0.044597752 0.335684359 -135.519012451 -0.037099853 0.998898804 -0.028719589 -12.890471458 -0.336595446 0.014568943 0.941536546 197.989761353
0.934481502 0.045551211 0.353085339 -135.024703979 -0.036981646 0.998835564 -0.030982587 -12.952188492 -0.354085445 0.015894979 0.935077965 199.390411377
0.927970111 0.046155363 0.369785041 -134.496368408 -0.035302840 0.998725593 -0.036065739 -13.025939941 -0.370978475 0.020413466 0.928417087 200.770233154
0.920091629 0.049643915 0.388544410 -133.950332642 -0.036072705 0.998459876 -0.042150296 -13.101618767 -0.390038460 0.024766287 0.920465350 202.172836304
0.910985291 0.052725196 0.409054607 -133.353591919 -0.037226442 0.998258352 -0.045765564 -13.184220314 -0.410755217 0.026464107 0.911361516 203.559646606
0.900008559 0.055698846 0.432298809 -132.744522095 -0.039188307 0.998125315 -0.047015186 -13.275113106 -0.434107006 0.025373021 0.900503933 204.914260864
