0.999991357 -0.002546571 -0.003279109 -0.000027704 0.002539489 0.999994457 -0.002161962 -0.000205307 0.003284597 0.002153616 0.999992311 0.042160384
0.999977171 -0.001040357 -0.006672909 -0.001312120 0.001016372 0.999993026 -0.003596741 -0.000559757 0.006676605 0.003589877 0.999971271 0.087167114
0.999936283 -0.001078136 -0.011237344 -0.001340329 0.001017553 0.999984920 -0.005395612 -0.000326197 0.011242991 0.005383833 0.999922276 0.129539043
0.999888182 0.000573233 -0.014943354 -0.003734791 -0.000667622 0.999979854 -0.006312246 -0.000013933 0.014939435 0.006321516 0.999868393 0.177376732
0.999839067 -0.000659815 -0.017928833 -0.005917386 0.000548841 0.999980688 -0.006193919 -0.001208711 0.017932573 0.006183082 0.999820054 0.224742278
0.999768317 0.001405707 -0.021479769 -0.008461944 -0.001581223 0.999965489 -0.008156434 -0.000980271 0.021467563 0.008188508 0.999736011 0.272391260
0.999558568 0.003514324 -0.029500488 -0.007577414 -0.003752416 0.999960780 -0.008019323 -0.002365733 0.029471148 0.008126481 0.999532580 0.316038132
0.999482214 0.003569150 -0.031977322 -0.011705402 -0.003756328 0.999976158 -0.005795287 -0.003385577 0.031955875 0.005912403 0.999471784 0.363780320
0.999391317 0.002940146 -0.034762193 -0.014749831 -0.003065056 0.999989033 -0.003540544 -0.003785217 0.034751400 0.003644936 0.999389350 0.418148696
0.999290347 0.002897617 -0.037555005 -0.017477620 -0.002959868 0.999994338 -0.001602106 -0.003364986 0.037550148 0.001712127 0.999293268 0.469548643
0.999125004 0.004187558 -0.041613493 -0.018622447 -0.004255722 0.999989748 -0.001549578 -0.004463791 0.041606579 0.001725317 0.999132574 0.517259479
0.998916924 0.003566208 -0.046392042 -0.019190887 -0.003669309 0.999991000 -0.002137424 -0.004609233 0.046384003 0.002305336 0.998921037 0.567776978
0.998854518 0.000973515 -0.047840014 -0.022028789 -0.001110660 0.999995351 -0.002840241 -0.004667498 0.047837026 0.002890121 0.998851001 0.620978415
0.998733103 0.000370915 -0.050319031 -0.024228550 -0.000456112 0.999998510 -0.001681666 -0.005537954 0.050318331 0.001702487 0.998731792 0.672140062
0.998685598 -0.001389462 -0.051236223 -0.027473092 0.001274994 0.999996603 -0.002266729 -0.005610192 0.051239200 0.002198424 0.998683989 0.726179242
0.998557866 0.001400141 -0.053667895 -0.030177137 -0.001634800 0.999989271 -0.004328765 -0.006672737 0.053661257 0.004410258 0.998549461 0.778414249
0.998479366 0.001363009 -0.055110384 -0.033098556 -0.001712604 0.999978721 -0.006296807 -0.007639118 0.055100627 0.006381614 0.998460412 0.833055198
0.998384595 0.005426468 -0.056557022 -0.037243310 -0.005923942 0.999945223 -0.008632034 -0.008045865 0.056507081 0.008953131 0.998362064 0.886805654
0.998277128 0.005973924 -0.058369815 -0.040137965 -0.006462820 0.999945581 -0.008190655 -0.008798857 0.058317710 0.008553778 0.998261452 0.943383157
0.998219371 0.005495100 -0.059396081 -0.043963972 -0.005888990 0.999961793 -0.006458571 -0.009918225 0.059358321 0.006796854 0.998213589 0.997352302
0.998152196 0.006164428 -0.060450096 -0.047885880 -0.006455295 0.999968529 -0.004617568 -0.010834839 0.060419727 0.004999259 0.998160541 1.053989887
0.998089612 0.005624786 -0.061526269 -0.051433519 -0.005923827 0.999971509 -0.004679057 -0.011670936 0.061498199 0.005034589 0.998094499 1.109505415
0.997980058 0.005656819 -0.063275829 -0.055007230 -0.005994663 0.999968767 -0.005150649 -0.012750452 0.063244715 0.005519562 0.997982800 1.166787982
0.997844994 0.003625649 -0.065515377 -0.058026306 -0.004012961 0.999975264 -0.005781143 -0.013860993 0.065492794 0.006031596 0.997834802 1.225566745
0.997893214 0.003924187 -0.064758867 -0.062730983 -0.004227379 0.999980748 -0.004545499 -0.014146030 0.064739779 0.004809683 0.997890592 1.280199289
0.997885883 0.005730849 -0.064737208 -0.066860892 -0.005880425 0.999980450 -0.002120198 -0.014262608 0.064723790 0.002496399 0.997900069 1.339168310
0.997825623 0.005466477 -0.065681741 -0.069042958 -0.005315538 0.999982834 0.002472556 -0.015863549 0.065694124 -0.002118046 0.997837543 1.397240639
0.998054326 0.003935955 -0.062225871 -0.074428484 -0.003591300 0.999977589 0.005649638 -0.016110739 0.062246714 -0.005415174 0.998046100 1.452540159
0.998121917 0.005030431 -0.061051492 -0.077990122 -0.004639944 0.999967873 0.006536117 -0.016543267 0.061082412 -0.006240567 0.998113215 1.511968374
0.998215437 0.004592436 -0.059538808 -0.081893489 -0.004384723 0.999983847 0.003618883 -0.016761631 0.059554465 -0.003351363 0.998219430 1.571042657
0.998311222 0.005391817 -0.057841778 -0.085916154 -0.005469298 0.999984324 -0.001181313 -0.017392103 0.057834502 0.001495672 0.998325050 1.627994180
0.998380601 0.005383732 -0.056632012 -0.089777015 -0.005643927 0.999974251 -0.004435563 -0.017739348 0.056606673 0.004748007 0.998385251 1.687875271
0.998415411 0.002056172 -0.056235321 -0.092534415 -0.002222640 0.999993324 -0.002897827 -0.018724995 0.056228988 0.003018226 0.998413324 1.747526765
0.998389959 0.000135668 -0.056722976 -0.095746577 -0.000011858 0.999997616 0.002183038 -0.019324122 0.056723136 -0.002178851 0.998387575 1.808025599
0.998381019 -0.003568293 -0.056768306 -0.100401677 0.003862994 0.999979615 0.005082412 -0.019895552 0.056749012 -0.005293479 0.998374462 1.870442510
0.998255372 -0.009159866 -0.058329787 -0.101819232 0.009424315 0.999946535 0.004260216 -0.020042833 0.058287643 -0.004802502 0.998288274 1.929004312
0.998164654 -0.011114621 -0.059529256 -0.106515437 0.011192791 0.999936879 0.000979865 -0.022071742 0.059514608 -0.001644365 0.998226106 1.989034057
0.998081326 -0.010855468 -0.060957491 -0.109476931 0.010656821 0.999936819 -0.003582960 -0.021102531 0.060992531 0.002926472 0.998133957 2.050649405
0.997974694 -0.009905580 -0.062835865 -0.114156067 0.009669944 0.999945045 -0.004053047 -0.021875575 0.062872559 0.003437219 0.998015642 2.111984730
0.997926414 -0.009387756 -0.063676439 -0.118386306 0.009208587 0.999952793 -0.003106655 -0.022425849 0.063702598 0.002513843 0.997965753 2.174386978
0.997847438 -0.006235212 -0.065280974 -0.121464089 0.006257218 0.999980390 0.000132655 -0.023994129 0.065278873 -0.000540847 0.997866929 2.236287117
0.997800469 -0.006724956 -0.065947309 -0.127212331 0.006817934 0.999976039 0.001184919 -0.023803413 0.065937757 -0.001631937 0.997822404 2.300186872
0.997735500 -0.005435036 -0.067039400 -0.131172046 0.005695940 0.999976933 0.003701274 -0.024346394 0.067017742 -0.004074745 0.997743487 2.361931801
0.997773290 -0.005530197 -0.066467308 -0.136449978 0.005966450 0.999961913 0.006366708 -0.024404066 0.066429570 -0.006749105 0.997768283 2.424711943
0.997779310 0.000574183 -0.066604435 -0.141821250 0.000041610 0.999957263 0.009243771 -0.025426093 0.066606894 -0.009226014 0.997736633 2.487217903
0.997756183 0.000768789 -0.066947892 -0.146204919 -0.000201855 0.999964058 0.008474639 -0.025465611 0.066951998 -0.008442109 0.997720480 2.549194336
0.997760117 0.000483689 -0.066891685 -0.150631264 -0.000015874 0.999975562 0.006993982 -0.026011992 0.066893429 -0.006977254 0.997735739 2.610949993
0.997793555 0.002698586 -0.066337787 -0.155217156 -0.002374736 0.999984860 0.004960198 -0.026613066 0.066350169 -0.004791719 0.997784913 2.672348976
0.997688055 0.002823307 -0.067901343 -0.159293652 -0.002515931 0.999986172 0.004611893 -0.026624938 0.067913428 -0.004430395 0.997681379 2.734382868
0.997596681 0.000995961 -0.069280706 -0.163135424 -0.000601127 0.999983490 0.005719660 -0.027276346 0.069285259 -0.005664268 0.997580826 2.796672583
0.997562885 0.001544377 -0.069755733 -0.168376788 -0.001048211 0.999973893 0.007148952 -0.027961630 0.069764957 -0.007058410 0.997538507 2.856867075
0.997546732 0.003821938 -0.069899194 -0.173571587 -0.003564323 0.999986410 0.003809874 -0.028724659 0.069912799 -0.003551384 0.997546792 2.917914867
0.997483611 0.004225205 -0.070771538 -0.177930504 -0.004331422 0.999989688 -0.001347436 -0.028425448 0.070765115 0.001650586 0.997491658 2.977982283
0.997422934 0.005517635 -0.071533851 -0.181992292 -0.005681990 0.999981642 -0.002094299 -0.029636247 0.071520984 0.002495356 0.997435987 3.037917614
0.997465074 0.003331858 -0.071079873 -0.186557576 -0.003148029 0.999991417 0.002698103 -0.031170258 0.071088247 -0.002467502 0.997466981 3.098135233
0.997417212 0.002694698 -0.071775235 -0.190632865 -0.002365701 0.999986291 0.004668327 -0.031368390 0.071786828 -0.004486470 0.997409880 3.157874584
0.997373700 -0.000068496 -0.072427370 -0.194706172 0.000503795 0.999981940 0.005991902 -0.032164216 0.072425649 -0.006012654 0.997355700 3.217735052
0.997389317 -0.002672503 -0.072162762 -0.198926508 0.002995199 0.999985993 0.004363926 -0.032779802 0.072150089 -0.004568675 0.997383296 3.276617765
0.997356653 -0.004791116 -0.072503619 -0.203640938 0.004962357 0.999985278 0.002181876 -0.032667719 0.072492100 -0.002535898 0.997365773 3.336571455
0.997257054 -0.006605378 -0.073720895 -0.207291320 0.006929568 0.999967396 0.004142614 -0.033971611 0.073691122 -0.004642105 0.997270286 3.395236492
0.997168064 -0.010011887 -0.074535847 -0.211943924 0.010648615 0.999910116 0.008150069 -0.034350213 0.074447550 -0.008920692 0.997185051 3.454828501
0.997132838 -0.010948688 -0.074874893 -0.216389179 0.011969733 0.999841213 0.013201553 -0.034382131 0.074718468 -0.014059935 0.997105539 3.512334347
0.997131526 -0.008976863 -0.075154431 -0.221627027 0.010136450 0.999835193 0.015062196 -0.034413755 0.075006835 -0.015780790 0.997058153 3.571951628
0.996976078 -0.007607430 -0.077336043 -0.225337222 0.008522520 0.999897420 0.011509489 -0.035179168 0.077240549 -0.012133783 0.996938646 3.631429911
0.996916234 -0.005872904 -0.078252681 -0.230641544 0.006180376 0.999974132 0.003687614 -0.035529897 0.078228995 -0.004159873 0.996926725 3.688083649
0.996819556 -0.004909244 -0.079540297 -0.235048741 0.004853482 0.999987841 -0.000894375 -0.036168162 0.079543717 0.000505483 0.996831238 3.745731354
0.996760249 -0.000066186 -0.080429897 -0.240264818 0.000049724 1.000000000 -0.000206679 -0.036696915 0.080429904 0.000202010 0.996760249 3.802097797
0.996681035 0.002637692 -0.081362881 -0.245258600 -0.002473520 0.999994695 0.002118499 -0.037441052 0.081368037 -0.001910216 0.996682286 3.858197451
0.996575654 0.005950405 -0.082471438 -0.250103772 -0.005693457 0.999978185 0.003350432 -0.038193572 0.082489572 -0.002869411 0.996587813 3.912638664
0.996504009 0.006792719 -0.083268553 -0.255342692 -0.006529425 0.999972761 0.003433902 -0.038988162 0.083289616 -0.002878202 0.996521235 3.966353893
0.996371150 0.007922329 -0.084745236 -0.260593921 -0.007590906 0.999962211 0.004232339 -0.039314400 0.084775567 -0.003573687 0.996393681 4.020250797
0.996289372 0.008920743 -0.085603520 -0.265212595 -0.008486824 0.999949217 0.005431530 -0.040771458 0.085647628 -0.004684873 0.996314466 4.069755077
0.996127546 0.008584961 -0.087499768 -0.270086884 -0.008127274 0.999951363 0.005585640 -0.041192703 0.087543465 -0.004852876 0.996148884 4.123120308
0.996042848 0.007945172 -0.088518269 -0.274319053 -0.007381070 0.999950349 0.006698221 -0.041393481 0.088567086 -0.006018355 0.996052027 4.172673702
0.995902300 0.010976405 -0.089767203 -0.279936761 -0.010184607 0.999905109 0.009273866 -0.041975390 0.089860477 -0.008321621 0.995919585 4.222802162
0.995788217 0.012746553 -0.090793148 -0.285246134 -0.011572248 0.999842584 0.013448574 -0.042397864 0.090950280 -0.012341251 0.995778978 4.272825718
0.995672703 0.016207268 -0.091504864 -0.291237533 -0.014875280 0.999773502 0.015219826 -0.042749703 0.091730811 -0.013792805 0.995688319 4.320454597
0.995462775 0.018840140 -0.093267828 -0.295680940 -0.017880686 0.999778390 0.011112151 -0.043160416 0.093456514 -0.009394040 0.995579064 4.366847038
0.995291710 0.018840812 -0.095075890 -0.299820065 -0.018523507 0.999819517 0.004218944 -0.044343758 0.095138222 -0.002437941 0.995461106 4.413594723
0.995200574 0.017797504 -0.096224025 -0.304845423 -0.017986394 0.999837637 -0.001095956 -0.045215834 0.096188895 0.002821419 0.995359123 4.457726955
0.995129228 0.018538788 -0.096819945 -0.308766603 -0.018825626 0.999820709 -0.002049876 -0.046073928 0.096764579 0.003862588 0.995299816 4.500935078
0.995003164 0.021637639 -0.097470611 -0.313767582 -0.021686003 0.999764681 0.000563316 -0.045587838 0.097459860 0.001553246 0.995238245 4.543737888
0.994871199 0.022326021 -0.098655060 -0.318138182 -0.022223253 0.999750733 0.002140602 -0.045784090 0.098678261 0.000062813 0.995119393 4.584463596
0.994909465 0.018926423 -0.098979682 -0.322903097 -0.019090656 0.999817491 -0.000712318 -0.046833891 0.098948136 0.002598279 0.995089173 4.623138905
0.994955361 0.010675861 -0.099749155 -0.325321943 -0.011327477 0.999918044 -0.005968462 -0.047704373 0.099677265 0.007068259 0.994994700 4.662323952
0.995106041 0.007052545 -0.098560669 -0.328781277 -0.008136738 0.999910712 -0.010602636 -0.048530076 0.098477088 0.011352709 0.995074570 4.699202061
0.995382309 0.009328491 -0.095535278 -0.332034409 -0.010528124 0.999871850 -0.012060612 -0.048159413 0.095410526 0.013010726 0.995352983 4.735592842
0.995711148 0.013905847 -0.091465682 -0.336252451 -0.014691810 0.999860644 -0.007925260 -0.050017338 0.091342725 0.009235066 0.995776713 4.771810532
0.996171653 0.012442946 -0.086528450 -0.339420110 -0.012890124 0.999906301 -0.004611144 -0.050822221 0.086462967 0.005708853 0.996238708 4.805889130
0.996693850 0.008785651 -0.080772668 -0.341380745 -0.008881543 0.999960244 -0.000827974 -0.051145319 0.080762185 0.001542622 0.996732235 4.839477539
0.997326791 0.004214269 -0.072948694 -0.343145341 -0.004026028 0.999988198 0.002727300 -0.052131765 0.072959326 -0.002426315 0.997331977 4.873811245
0.998047411 0.008097813 -0.061933734 -0.345190495 -0.007996120 0.999966264 0.001889638 -0.052214544 0.061946947 -0.001390719 0.998078465 4.906141758
0.998799264 0.013351455 -0.047136147 -0.346419901 -0.013305114 0.999910653 0.001296764 -0.052617531 0.047149248 -0.000668055 0.998887658 4.938206196
0.999416590 0.018307146 -0.028833646 -0.347606927 -0.018255685 0.999831259 0.002047037 -0.053164404 0.028866258 -0.001519465 0.999582112 4.968113899
0.999836981 0.016893798 -0.006368769 -0.347085983 -0.016880134 0.999855101 0.002193385 -0.053077940 0.006404901 -0.002085522 0.999977291 4.998208046
0.999713778 0.013106396 0.020015754 -0.345080346 -0.013181758 0.999906480 0.003637824 -0.054178581 -0.019966204 -0.003900625 0.999793053 5.027379036
0.998722136 0.011945762 0.049106374 -0.342322797 -0.012206606 0.999912918 0.005015337 -0.054628536 -0.049042188 -0.005608350 0.998780966 5.055243492
0.996499956 0.011437666 0.082807302 -0.339520305 -0.012036516 0.999904871 0.006736245 -0.055320032 -0.082722373 -0.007709379 0.996542811 5.082829952
0.992757618 0.011799771 0.119553871 -0.333941430 -0.012713796 0.999895453 0.006885430 -0.055363581 -0.119460128 -0.008355547 0.992803812 5.109911919
0.986908555 0.011641639 0.160860226 -0.327811241 -0.012759916 0.999901056 0.005920565 -0.055205487 -0.160775378 -0.007895620 0.986959457 5.136065006
0.978328526 0.011667927 0.206729770 -0.321446806 -0.013302483 0.999890268 0.006518419 -0.055989794 -0.206631035 -0.009127175 0.978376389 5.161702156
0.966750145 0.013727846 0.255354017 -0.313354701 -0.015369972 0.999872029 0.004436329 -0.056724928 -0.255260438 -0.008213606 0.966837466 5.186186314
0.951213717 0.014371091 0.308197975 -0.303991914 -0.015735850 0.999874294 0.001943140 -0.057714075 -0.308131307 -0.006698098 0.951320291 5.209018230
0.931439281 0.014888294 0.363592088 -0.292384863 -0.015776705 0.999875426 -0.000526406 -0.057996873 -0.363554627 -0.005245970 0.931558132 5.232135296
0.907222629 0.014995592 0.420383424 -0.279661059 -0.015568274 0.999876678 -0.002069188 -0.058632940 -0.420362592 -0.004667431 0.907344222 5.253800869
0.877743959 0.015626227 0.478875101 -0.266506672 -0.015303779 0.999872446 -0.004576212 -0.058805682 -0.478885531 -0.003311856 0.877871156 5.274539471
0.843722641 0.014804497 0.536575198 -0.252048880 -0.013238074 0.999889433 -0.006771834 -0.059316263 -0.536616087 -0.001389671 0.843825340 5.293666363
0.807101071 0.013639373 0.590255737 -0.235038459 -0.011367461 0.999906778 -0.007561827 -0.060298152 -0.590303838 -0.000606550 0.807180882 5.311698914
0.766964674 0.011628041 0.641583979 -0.218079388 -0.010073487 0.999930799 -0.006080620 -0.061304219 -0.641610265 -0.001799367 0.767028749 5.328422546
0.723537982 0.011166958 0.690194249 -0.200559616 -0.012645444 0.999915779 -0.002921726 -0.062596753 -0.690168738 -0.006613832 0.723618269 5.344141483
0.679216862 0.011351484 0.733849883 -0.180119634 -0.010652650 0.999927521 -0.005607689 -0.061262503 -0.733860314 -0.004008610 0.679288507 5.358201027
0.631851315 0.009714897 0.775028765 -0.160305858 -0.007547892 0.999951184 -0.006380765 -0.062156573 -0.775052905 -0.001818137 0.631893814 5.371643066
0.585074067 0.007222140 0.810947716 -0.139358640 -0.001770292 0.999969363 -0.007628318 -0.062567890 -0.810977936 0.003027518 0.585068941 5.382954597
0.538364291 0.009447975 0.842659295 -0.118043900 -0.004223695 0.999954820 -0.008513123 -0.063407771 -0.842701674 0.001024026 0.538379848 5.393711090
0.490983963 0.013139913 0.871069610 -0.096974850 -0.008164538 0.999911726 -0.010481478 -0.063624851 -0.871130407 -0.001965641 0.491047919 5.403520584
0.446496904 0.015214938 0.894655764 -0.073958397 -0.009151245 0.999880791 -0.012437321 -0.064297125 -0.894738376 -0.002633989 0.446582913 5.411883831
0.402770519 0.011881959 0.915223837 -0.052337408 -0.001483725 0.999922872 -0.012328614 -0.065293439 -0.915299773 0.003607661 0.402757108 5.419645309
0.363622844 0.003823564 0.931538463 -0.028670549 0.014163013 0.999853313 -0.009632452 -0.065767311 -0.931438684 0.016695971 0.363515377 5.425266266
0.327744424 0.000807535 0.944766164 -0.005009413 0.017859096 0.999815643 -0.007050008 -0.065795638 -0.944597721 0.019183269 0.327669621 5.431364059
0.294744372 0.004593862 0.955565214 0.018330812 0.015654439 0.999831021 -0.009635287 -0.066542193 -0.955447972 0.017798783 0.294622660 5.437021732
0.262077749 0.012004932 0.964972198 0.042090416 0.004306915 0.999898136 -0.013609156 -0.067697614 -0.965037286 0.007722710 0.261999369 5.444182873
0.234928608 0.016786667 0.971867681 0.067776203 0.000436514 0.999848962 -0.017375495 -0.068367489 -0.972012520 0.004506235 0.234885812 5.449370384
0.209599078 0.018485880 0.977612674 0.092835426 0.002042604 0.999810815 -0.019343562 -0.069325581 -0.977785289 0.006051269 0.209521711 5.453309059
0.186087668 0.019955387 0.982330441 0.119876862 0.009320496 0.999712884 -0.022074126 -0.070016414 -0.982488930 0.013263530 0.185848236 5.456593513
0.165077329 0.026338425 0.985928953 0.145800591 0.015371867 0.999453247 -0.029273480 -0.070310786 -0.986160874 0.019987956 0.164582193 5.459700108
0.146311402 0.032955810 0.988689482 0.175078869 0.017868482 0.999193847 -0.035950221 -0.070413172 -0.989077210 0.022926306 0.145604551 5.462500572
0.129283726 0.033365808 0.991046190 0.203179836 0.015446059 0.999244750 -0.035656799 -0.071428634 -0.991487384 0.019917602 0.128670692 5.465334892
0.113119602 0.029218804 0.993151665 0.234448433 0.014173381 0.999418318 -0.031017514 -0.072954461 -0.993480265 0.017585006 0.112639666 5.469255447
0.099986255 0.026610181 0.994633079 0.265716076 0.014319334 0.999500275 -0.028179865 -0.073884703 -0.994885921 0.017060082 0.099555254 5.470921516
0.085538328 0.023618009 0.996054947 0.297524452 0.016537692 0.999547601 -0.025121037 -0.075403288 -0.996197641 0.018621264 0.085109055 5.473703384
0.074100971 0.022419831 0.996998727 0.329527378 0.020848135 0.999493957 -0.024025463 -0.076598421 -0.997032881 0.022565875 0.073596060 5.475316525
0.063651502 0.023320386 0.997699678 0.364878178 0.023405956 0.999417067 -0.024853788 -0.077461734 -0.997697711 0.024934096 0.063068569 5.477173805
0.055911839 0.023681885 0.998154938 0.398725986 0.025308596 0.999363840 -0.025128240 -0.078783944 -0.998115003 0.026666865 0.055276930 5.478622913
0.050831139 0.024363952 0.998410046 0.435125828 0.027081916 0.999301136 -0.025764497 -0.079525188 -0.998340011 0.028348496 0.050135851 5.479579926
0.044626117 0.025234677 0.998684943 0.474390507 0.028549880 0.999240398 -0.026524458 -0.080807708 -0.998595715 0.029696019 0.043871760 5.481780052
0.038276851 0.026020641 0.998928368 0.512383938 0.028843744 0.999215603 -0.027133355 -0.082080841 -0.998850822 0.029851412 0.037496269 5.483347893
0.034125447 0.025859814 0.999082983 0.553097248 0.031536303 0.999139547 -0.026938459 -0.083292477 -0.998919904 0.032426670 0.033280551 5.484153748
0.031856835 0.025957588 0.999155402 0.593920231 0.033419568 0.999076068 -0.027021075 -0.084260911 -0.998933673 0.034252148 0.030959964 5.484817982
0.028406203 0.025422836 0.999273121 0.637390614 0.033438440 0.999092877 -0.026368801 -0.085777737 -0.999037027 0.034163173 0.027530313 5.486054897
0.025917232 0.024892239 0.999354124 0.679618359 0.035789452 0.999025941 -0.025812229 -0.087289363 -0.999023259 0.036435321 0.025001109 5.487200737
0.025278211 0.024440611 0.999381661 0.726344585 0.040328093 0.998862386 -0.025447965 -0.088725246 -0.998866737 0.040946435 0.024263859 5.487590790
0.026405692 0.023976326 0.999363899 0.771581173 0.043352999 0.998744309 -0.025106966 -0.089899547 -0.998710990 0.043988384 0.025333107 5.488601685
0.029025197 0.023612330 0.999299824 0.817840576 0.045340445 0.998660862 -0.024914179 -0.091830038 -0.998549938 0.046031840 0.027915776 5.489683151
0.032433212 0.023882870 0.999188483 0.868357658 0.047423493 0.998551726 -0.025406990 -0.093121894 -0.998348117 0.048209038 0.031253636 5.491540909
0.037102520 0.023268027 0.999040544 0.916719913 0.048064612 0.998530269 -0.025041172 -0.094532184 -0.998154879 0.048947588 0.035929620 5.492701054
0.041267693 0.021814864 0.998909950 0.967379093 0.049498852 0.998489380 -0.023850610 -0.095901713 -0.997921288 0.050429154 0.040125549 5.495053291
0.044941485 0.020315502 0.998782992 1.019354820 0.049186807 0.998535573 -0.022523688 -0.097194158 -0.997777939 0.050139196 0.043876410 5.497189522
0.049191833 0.018163044 0.998624206 1.070738316 0.046024676 0.998731315 -0.020432150 -0.098600246 -0.997728407 0.046966448 0.048293471 5.499722004
0.053131819 0.017418697 0.998435557 1.123842239 0.044952568 0.998792529 -0.019817078 -0.099590354 -0.997575223 0.045935161 0.052284658 5.503450871
0.056998909 0.017981630 0.998212337 1.178145170 0.042764395 0.998876154 -0.020435477 -0.101860650 -0.997457981 0.043852746 0.056165874 5.507259846
0.060092092 0.022211969 0.997945786 1.232146978 0.041008115 0.998853445 -0.024701517 -0.103073061 -0.997350216 0.042408239 0.059112310 5.511013031
0.061482012 0.027399370 0.997732162 1.284488916 0.035276141 0.998938978 -0.029606298 -0.105123490 -0.997484744 0.037016395 0.060450196 5.514586926
0.060935616 0.030268317 0.997682691 1.340907574 0.031775709 0.998974621 -0.032248288 -0.107672304 -0.997635782 0.033667147 0.059911311 5.519147873
0.061205029 0.030236181 0.997667134 1.395313263 0.029941257 0.999035597 -0.032114498 -0.109521352 -0.997676015 0.031836975 0.060240686 5.522984505
0.061013222 0.028081900 0.997741818 1.449093342 0.027194483 0.999186337 -0.029785533 -0.112107798 -0.997766435 0.028950386 0.060199916 5.527191162
0.060840845 0.027015919 0.997781813 1.505275965 0.027565720 0.999206901 -0.028735355 -0.114133567 -0.997766793 0.029252857 0.060047865 5.530676842
0.060817420 0.026448695 0.997798502 1.558665514 0.024602624 0.999305427 -0.027988212 -0.116583303 -0.997845769 0.026250632 0.060124457 5.534763336
0.061531126 0.026877422 0.997743249 1.612850904 0.022752844 0.999339819 -0.028323608 -0.118691318 -0.997845829 0.024444278 0.060878932 5.538175583
0.061203420 0.026844619 0.997764289 1.669539690 0.020040805 0.999403715 -0.028118042 -0.121603176 -0.997924089 0.021716919 0.060628951 5.542361259
0.059639633 0.028357882 0.997817159 1.722328186 0.016874719 0.999424934 -0.029412180 -0.123808786 -0.998077393 0.018592017 0.059126794 5.546558380
0.056671202 0.028416915 0.997988403 1.776665211 0.014942517 0.999458730 -0.029307300 -0.125381038 -0.998281121 0.016573340 0.056215882 5.550596237
0.053108037 0.026838683 0.998228014 1.833089113 0.011768040 0.999552548 -0.027500380 -0.127960458 -0.998519421 0.013207679 0.052768409 5.553310394
0.048373580 0.024622710 0.998525798 1.886224985 0.009158636 0.999643147 -0.025093954 -0.129761383 -0.998787344 0.010359019 0.048130810 5.555861473
0.042033792 0.021965461 0.998874784 1.935507536 0.007197859 0.999725699 -0.022287069 -0.132380739 -0.999090314 0.008126571 0.041864157 5.557239532
0.034456849 0.022662619 0.999149144 1.995709658 0.006297955 0.999718070 -0.022892715 -0.134375945 -0.999386311 0.007081408 0.034304380 5.561112881
0.025898874 0.023524297 0.999387741 2.047561884 0.006820884 0.999695659 -0.023708306 -0.136550605 -0.999641299 0.007430727 0.025730550 5.562198639
0.015157878 0.024056641 0.999595821 2.099121094 0.007173147 0.999682188 -0.024167499 -0.138339341 -0.999859512 0.007536578 0.014980495 5.564004898
0.005096912 0.023260050 0.999716580 2.156749725 0.008608273 0.999691367 -0.023303356 -0.140255496 -0.999950051 0.008724610 0.004895091 5.564455986
-0.005892158 0.022216074 0.999736011 2.208260775 0.007029044 0.999729395 -0.022174506 -0.142123416 -0.999958158 0.006896535 -0.006046653 5.564789295
-0.017189503 0.021478271 0.999621689 2.256925583 0.009793485 0.999724925 -0.021312084 -0.143655062 -0.999804437 0.009423435 -0.017395139 5.564283848
-0.028502584 0.021850549 0.999354899 2.316288710 0.008554139 0.999729753 -0.021614775 -0.146026641 -0.999557137 0.007932546 -0.028681755 5.563125134
-0.039949894 0.022828830 0.998941004 2.367609501 0.009326815 0.999703944 -0.022473268 -0.147117808 -0.999158263 0.008419133 -0.040151000 5.561711311
-0.050887823 0.024528999 0.998403132 2.418542147 0.009447752 0.999665439 -0.024078470 -0.148497894 -0.998659670 0.008207368 -0.051102519 5.559655190
-0.060852766 0.024575023 0.997844160 2.467998266 0.009030244 0.999669492 -0.024069274 -0.151483119 -0.998105884 0.007546094 -0.061054587 5.555926800
-0.069730878 0.025040971 0.997251511 2.524262905 0.009812205 0.999653757 -0.024415191 -0.153887480 -0.997517586 0.008082743 -0.069952488 5.550871849
-0.079131842 0.025393773 0.996540785 2.574517727 0.009503163 0.999649286 -0.024718372 -0.156279936 -0.996818960 0.007514280 -0.079345465 5.546677589
-0.089711070 0.026173538 0.995624006 2.626178265 0.010632845 0.999622822 -0.025320590 -0.156902879 -0.995911241 0.008314784 -0.089955449 5.544014931
-0.097863793 0.025988540 0.994860470 2.677271366 0.012714907 0.999610007 -0.024861855 -0.159083530 -0.995118678 0.010216485 -0.098156095 5.538203239
-0.105479240 0.025168626 0.994102955 2.725823879 0.013006368 0.999629080 -0.023928497 -0.160729945 -0.994336426 0.010405709 -0.105767488 5.533307076
-0.112036824 0.023415042 0.993428290 2.773510933 0.017181253 0.999618530 -0.021623284 -0.162297994 -0.993555605 0.014645740 -0.112396359 5.529479980
-0.114307165 0.021666106 0.993209183 2.822549820 0.021093540 0.999589682 -0.019377664 -0.164470926 -0.993221521 0.018735290 -0.114717245 5.521901131
-0.117086291 0.020349573 0.992913246 2.870217323 0.022776801 0.999582112 -0.017800365 -0.166423574 -0.992860556 0.020531209 -0.117500901 5.516606331
-0.118906617 0.019453865 0.992714942 2.914929867 0.022377327 0.999606609 -0.016908579 -0.168385461 -0.992653310 0.020203762 -0.119295239 5.511646271
-0.119892955 0.020301854 0.992579222 2.961099386 0.023442393 0.999570012 -0.017613253 -0.169054866 -0.992510021 0.021156730 -0.120317221 5.506312847
-0.118685961 0.021703148 0.992694616 3.004297972 0.024999255 0.999509513 -0.018863248 -0.170502946 -0.992617071 0.022577824 -0.119170308 5.500882149
-0.115607619 0.023274811 0.993022203 3.044701099 0.026112201 0.999451160 -0.020385513 -0.171820104 -0.992951632 0.023573276 -0.116151929 5.495950699
-0.110143900 0.023959640 0.993626952 3.086003780 0.025340434 0.999452114 -0.021291113 -0.172942355 -0.993592680 0.022833848 -0.110690713 5.490890503
-0.102417827 0.024616394 0.994436860 3.125035524 0.025655396 0.999426603 -0.022097645 -0.174490258 -0.994410634 0.023249481 -0.102990627 5.487308979
-0.091449976 0.024709111 0.995503247 3.161297560 0.023368305 0.999470055 -0.022660892 -0.176159769 -0.995535612 0.021190884 -0.091978908 5.484621048
-0.077738523 0.024622424 0.996669710 3.199910402 0.023330437 0.999466121 -0.022871777 -0.177886799 -0.996700823 0.021474725 -0.078271508 5.482388496
-0.060539126 0.026046170 0.997825980 3.233814716 0.022769144 0.999435425 -0.024706755 -0.179134145 -0.997906148 0.021223916 -0.061097980 5.480747700
-0.038640499 0.028457697 0.998847842 3.268733025 0.020871274 0.999399304 -0.027666003 -0.180968106 -0.999035180 0.019778199 -0.039211154 5.479613304
-0.014268160 0.031585485 0.999399364 3.305025339 0.018723708 0.999334157 -0.031316116 -0.182535797 -0.999723017 0.018265639 -0.014850020 5.480700493
0.014454007 0.033529345 0.999333203 3.337937117 0.017241506 0.999280691 -0.033776954 -0.183608413 -0.999746859 0.017718222 0.013865530 5.481875420
0.047592700 0.032635659 0.998333693 3.371626377 0.014318746 0.999341130 -0.033351205 -0.185849026 -0.998764336 0.015882164 0.047094047 5.484453201
0.085953116 0.030660782 0.995827317 3.405806065 0.013811991 0.999393642 -0.031962745 -0.186869174 -0.996203423 0.016501654 0.085477531 5.488601685
0.128268182 0.026676740 0.991380751 3.439375639 0.011888775 0.999524951 -0.028434103 -0.188489914 -0.991668344 0.015433493 0.127890110 5.494375229
0.173429191 0.022125890 0.984597862 3.471475840 0.008462455 0.999677241 -0.023955353 -0.190309346 -0.984810054 0.012486673 0.173185945 5.501809120
0.222371995 0.019388910 0.974769175 3.502400160 0.004191813 0.999773979 -0.020842547 -0.190914243 -0.974952996 0.008720852 0.222240508 5.510188580
0.274055541 0.018071750 0.961544037 3.533374548 0.000168162 0.999822497 -0.018839104 -0.192021206 -0.961713850 0.005324656 0.274003863 5.521260738
0.328780770 0.016954148 0.944254160 3.563166142 -0.001223124 0.999845624 -0.017526418 -0.193871081 -0.944405556 0.004607411 0.328750789 5.533913136
0.386272788 0.017552804 0.922217548 3.591534615 0.001260487 0.999807954 -0.019557560 -0.194828272 -0.922383726 0.008716996 0.386176467 5.547821999
0.447653770 0.022461198 0.893924892 3.618096113 0.003021099 0.999640763 -0.026630357 -0.194079459 -0.894201934 0.014621815 0.447425127 5.562207699
0.505909801 0.024656191 0.862233937 3.643949986 0.002935650 0.999536395 -0.030304926 -0.196633548 -0.862581372 0.017862776 0.505602896 5.580822945
0.563869476 0.030081144 0.825316012 3.668554783 -0.000891576 0.999357998 -0.035815500 -0.196572021 -0.825863540 0.019459438 0.563534260 5.600975990
0.619942784 0.031627584 0.784009337 3.690734386 -0.005574127 0.999339581 -0.035906538 -0.199075520 -0.784627259 0.017889831 0.619709730 5.622330666
0.674405336 0.033991251 0.737578571 3.712943792 -0.007644146 0.999207675 -0.039058983 -0.199282855 -0.738321841 0.020703431 0.674130797 5.644435883
0.721495390 0.030259142 0.691757739 3.729807615 -0.007182066 0.999317944 -0.036221754 -0.201396808 -0.692381978 0.021165578 0.721220672 5.667853832
0.765673578 0.028051650 0.642617404 3.747596741 -0.009536009 0.999433815 -0.032265387 -0.201601058 -0.643158674 0.018576749 0.765507579 5.695453167
0.808185399 0.021298476 0.588542938 3.764137506 -0.009168139 0.999679744 -0.023587234 -0.203204527 -0.588856816 0.013667014 0.808121800 5.720841408
0.845620215 0.018092042 0.533478379 3.780309916 -0.010919826 0.999802649 -0.016597571 -0.204513207 -0.533673346 0.008209751 0.845650852 5.749755383
0.876530528 0.015040982 0.481111258 3.791845083 -0.011842204 0.999882996 -0.009684181 -0.204798236 -0.481200635 0.002791062 0.876606047 5.777927399
0.902423620 0.014879044 0.430592924 3.803545952 -0.014561525 0.999885857 -0.004033236 -0.205706328 -0.430603772 -0.002630402 0.902537227 5.808247566
0.922635913 0.017332057 0.385282397 3.813703775 -0.018516054 0.999828339 -0.000637203 -0.206299707 -0.385227293 -0.006546004 0.922798514 5.840419769
0.938117445 0.022588696 0.345579773 3.820749760 -0.025040779 0.999682963 0.002632264 -0.206940562 -0.345410764 -0.011122960 0.938385665 5.867693424
0.950111985 0.027536042 0.310691088 3.829110622 -0.029385567 0.999567330 0.001272811 -0.206596494 -0.310521603 -0.010339146 0.950510085 5.900840759
0.959558725 0.029817538 0.279924810 3.837777138 -0.031340130 0.999508321 0.000963895 -0.206245273 -0.279758453 -0.009697795 0.960021436 5.934961319
0.965515256 0.023696087 0.259265751 3.845788956 -0.024984162 0.999686420 0.001673702 -0.206843153 -0.259144813 -0.008093523 0.965804577 5.969099998
0.969786108 0.019500775 0.243176058 3.855262518 -0.020688813 0.999783218 0.002332364 -0.207008719 -0.243077874 -0.007292918 0.969979346 6.003875256
0.973104000 0.023975803 0.229115188 3.860003471 -0.025229307 0.999678433 0.002543025 -0.207845926 -0.228980556 -0.008255045 0.973396003 6.030712605
0.975211263 0.029009350 0.219366103 3.866732121 -0.030410428 0.999532938 0.003012264 -0.207678556 -0.219176263 -0.009608610 0.975637972 6.065590858
0.976322830 0.035964448 0.213307947 3.873976469 -0.037154254 0.999308288 0.001570373 -0.207641095 -0.213103920 -0.009458488 0.976983786 6.102600574
0.976687014 0.042200588 0.210479409 3.880262613 -0.042750463 0.999083877 -0.001938930 -0.207777828 -0.210368410 -0.007104363 0.977596343 6.137504578
0.976690412 0.043237481 0.210253090 3.887912989 -0.043168176 0.999055684 -0.004921264 -0.208021462 -0.210267320 -0.004269689 0.977634609 6.177102566
0.976331890 0.041976094 0.212165266 3.896212578 -0.041168544 0.999118388 -0.008224367 -0.208857358 -0.212323442 -0.000704824 0.977199197 6.212587357
0.975451529 0.041360442 0.216295287 3.905556917 -0.039196704 0.999129415 -0.014285790 -0.209885001 -0.216697842 0.005457034 0.976223469 6.253014565
0.974537909 0.041499723 0.220348775 3.913768053 -0.038183562 0.999084532 -0.019289432 -0.210040122 -0.220947564 0.010384583 0.975230396 6.290176868
0.973419666 0.046385385 0.224282339 3.923951149 -0.043201707 0.998884082 -0.019084111 -0.210616469 -0.224917278 0.008887470 0.974337339 6.331615925
0.971877098 0.049239561 0.230283305 3.931885958 -0.047077414 0.998780429 -0.014877543 -0.211762965 -0.230735019 0.003618000 0.973009884 6.372112751
0.970662355 0.046217401 0.235963032 3.942230463 -0.045030218 0.998931289 -0.010420575 -0.212559298 -0.236192465 -0.000510606 0.971706152 6.417386532
0.970087588 0.042057730 0.239084199 3.953016520 -0.042156100 0.999099970 -0.004704483 -0.213501811 -0.239066869 -0.005515095 0.970987439 6.457568645
0.969266176 0.039157368 0.242878184 3.964569807 -0.040313728 0.999187052 -0.000209174 -0.214066982 -0.242688924 -0.009588579 0.970056772 6.503263474
0.968762219 0.034797281 0.245538026 3.975512505 -0.036008976 0.999351382 0.000445657 -0.214554086 -0.245363250 -0.009273308 0.969386876 6.544826031
0.968769312 0.031453282 0.245960906 3.987275839 -0.031864505 0.999489546 -0.002308787 -0.215502590 -0.245907962 -0.005600740 0.969277024 6.591578960
0.968892336 0.031219587 0.245505482 3.998712540 -0.029725228 0.999510169 -0.009791021 -0.215740919 -0.245690882 0.002188740 0.969345748 6.634740829
0.969020128 0.033338841 0.244721353 4.010551929 -0.030155580 0.999404967 -0.016744103 -0.216160238 -0.245133966 0.008845658 0.969448864 6.683315277
0.969600976 0.036314700 0.241981775 4.021056175 -0.032399036 0.999272048 -0.020142533 -0.217080638 -0.242537081 0.011690243 0.970071673 6.727658272
0.970221519 0.034912419 0.239690036 4.033376217 -0.031999350 0.999359250 -0.016035667 -0.217716724 -0.240096286 0.007888225 0.970717013 6.778056622
0.970614910 0.030702051 0.238671571 4.045709610 -0.029560106 0.999527991 -0.008363291 -0.218996242 -0.238815695 0.001062377 0.971064329 6.829849720
0.971243262 0.031545434 0.235990390 4.056686401 -0.031922694 0.999487877 -0.002222881 -0.219945699 -0.235939652 -0.005374490 0.971752822 6.874313831
0.971534729 0.034706805 0.234341025 4.068585396 -0.035008047 0.999382913 -0.002875525 -0.220540732 -0.234296203 -0.005410149 0.972150207 6.926715374
0.971839845 0.041012004 0.232046053 4.080482483 -0.040298816 0.999157131 -0.007814995 -0.221192807 -0.232170984 -0.001756258 0.972673416 6.980456829
0.972687960 0.041902907 0.228303105 4.090833187 -0.040032327 0.999116123 -0.012820283 -0.222156286 -0.228638515 0.003330631 0.973505676 7.026211262
0.973720551 0.039739322 0.224252358 4.103404999 -0.037193224 0.999186814 -0.015568172 -0.223114520 -0.224688664 0.006818382 0.974406779 7.081223965
0.974650681 0.037623070 0.220545933 4.116427898 -0.035341460 0.999273241 -0.014283411 -0.223696396 -0.220923021 0.006126923 0.975272000 7.138627529
0.975453794 0.034975316 0.217408806 4.126491070 -0.033122279 0.999377310 -0.012162733 -0.224958614 -0.217698827 0.004663109 0.976004839 7.186225891
0.975911796 0.033657458 0.215553686 4.138834953 -0.032404017 0.999431133 -0.009347329 -0.226146936 -0.215745673 0.002137363 0.976447225 7.243809223
0.976289153 0.030842787 0.214262053 4.152247429 -0.030002136 0.999524057 -0.007175085 -0.227048948 -0.214381382 0.000576639 0.976749837 7.302793503
0.976576209 0.024963306 0.213718802 4.163164616 -0.024257001 0.999688208 -0.005927012 -0.227716088 -0.213800117 0.000604003 0.976877272 7.350172043
0.976609766 0.025410257 0.213512704 4.175400734 -0.025058042 0.999676526 -0.004356217 -0.228519902 -0.213554323 -0.001095886 0.976930559 7.409428596
0.976391792 0.030792708 0.213800982 4.187925816 -0.030170185 0.999525726 -0.006174808 -0.229787543 -0.213889703 -0.000421383 0.976857722 7.468422413
0.976136684 0.036735669 0.214027166 4.198381901 -0.035531245 0.999323666 -0.009472962 -0.230551213 -0.214230403 0.001642255 0.976781785 7.519324780
0.975463390 0.045718871 0.215362459 4.210120201 -0.044361748 0.998953462 -0.011133626 -0.231565952 -0.215646103 0.001306590 0.976470709 7.579655647
0.974417269 0.052146655 0.218613267 4.222544670 -0.051019426 0.998639226 -0.010802125 -0.232296750 -0.218879089 -0.000627747 0.975751817 7.641628265
0.973814845 0.053544000 0.220947385 4.233793259 -0.052940298 0.998560131 -0.008657540 -0.233721137 -0.221092820 -0.003266179 0.975247324 7.691839218
0.973200738 0.054365084 0.223438606 4.247517586 -0.053538546 0.998518109 -0.009760032 -0.234710664 -0.223638102 -0.002464108 0.974669158 7.752648830
0.972817540 0.053022537 0.225421116 4.260546207 -0.051546719 0.998593211 -0.012431810 -0.236134112 -0.225763157 0.000474164 0.974182129 7.811951160
0.972975850 0.046380337 0.226200819 4.273829460 -0.045044195 0.998923659 -0.011067614 -0.237139881 -0.226470679 0.000579489 0.974017799 7.864081860
0.973197281 0.039800029 0.226501748 4.288830757 -0.037842873 0.999199450 -0.012978200 -0.238284916 -0.226836950 0.004058871 0.973924279 7.927145004
0.972971678 0.038516898 0.227689579 4.304117680 -0.036540315 0.999249041 -0.012891585 -0.240224332 -0.228015125 0.004223300 0.973648429 7.990642548
0.972477734 0.041319232 0.229302794 4.318005562 -0.040057663 0.999145746 -0.010155794 -0.241622403 -0.229526535 0.000690951 0.973302186 8.052537918
0.972017944 0.043285977 0.230884120 4.327144623 -0.043532800 0.999043882 -0.004027685 -0.242358610 -0.230837718 -0.006136050 0.972972929 8.093863487
0.971511602 0.047329020 0.232217863 4.340703487 -0.048735555 0.998811662 0.000320322 -0.243931264 -0.231926739 -0.011628462 0.972663760 8.156525612
0.971175253 0.046225961 0.233841404 4.359199047 -0.045959432 0.998921573 -0.006591840 -0.245736867 -0.233893931 -0.004345386 0.972252429 8.241366386
0.971780539 0.041540969 0.232200280 4.367644310 -0.037822075 0.999075294 -0.020446993 -0.246349588 -0.232834950 0.011087694 0.972453058 8.263645172
0.971926987 0.039785672 0.231894404 4.382676125 -0.033903759 0.998995602 -0.029296679 -0.247968420 -0.232827082 0.020612143 0.972299695 8.327054024
0.972246587 0.036602382 0.231077656 4.397648811 -0.032747779 0.999253452 -0.020495893 -0.249339059 -0.231655344 0.012359783 0.972719431 8.390634537
0.972754776 0.029708691 0.229925096 4.413710594 -0.030594679 0.999531806 0.000288520 -0.250859171 -0.229808882 -0.007315144 0.973208308 8.455960274
0.972961426 0.026691765 0.229420215 4.421753407 -0.031063255 0.999397814 0.015463587 -0.252164394 -0.228869304 -0.022172011 0.973204613 8.492354393
