0.999933541 -0.002565831 0.011237751 0.001121721 0.002554648 0.999996245 0.001009373 -0.000452579 -0.011240298 -0.000980597 0.999936342 0.028230194
0.999857903 -0.004655699 0.016200090 0.003613958 0.004653452 0.999989152 0.000176351 -0.000518048 -0.016200734 -0.000100940 0.999868751 0.071042329
0.999793053 -0.007348350 0.018969214 0.003235976 0.007358663 0.999972820 -0.000473954 -0.000973153 -0.018965216 0.000613444 0.999819934 0.086135313
0.999854267 -0.008784046 0.014636783 0.004677133 0.008802797 0.999960542 -0.001217125 -0.002562473 -0.014625514 0.001345792 0.999892116 0.143075272
0.999922276 -0.010436724 0.006822893 0.004960791 0.010480104 0.999924898 -0.006353448 0.000989109 -0.006756071 0.006424458 0.999956548 0.179002881
0.999912143 -0.012951152 -0.002827008 0.002202071 0.012933777 0.999897838 -0.006080695 -0.001378504 0.002905471 0.006043597 0.999977529 0.204624683
0.999765635 -0.011511396 -0.018336022 0.002504129 0.011413301 0.999920011 -0.005445543 -0.003266544 0.018397242 0.005234993 0.999817073 0.200793862
0.999287844 -0.003651154 -0.037556369 0.001473578 0.003505104 0.999986053 -0.003953917 -0.009152742 0.037570279 0.003819462 0.999286711 0.233924836
0.998192549 -0.000460564 -0.060094692 0.001175165 0.000069525 0.999978840 -0.006508976 -0.008420044 0.060096417 0.006493034 0.998171449 0.289085418
0.996877551 -0.004233141 -0.078849494 -0.006342703 0.003660776 0.999965906 -0.007402096 -0.003747345 0.078878142 0.007090333 0.996859074 0.310565382
0.995222807 -0.004986349 -0.097502343 -0.012507773 0.004367039 0.999968946 -0.006564129 -0.005168044 0.097532049 0.006106974 0.995213628 0.329288512
0.992929578 -0.006347864 -0.118535131 -0.017133275 0.005769018 0.999969721 -0.005225818 -0.006508911 0.118564710 0.004505038 0.992936134 0.373232782
0.990370274 -0.005918289 -0.138317317 -0.022103285 0.005108170 0.999967635 -0.006211210 -0.005279647 0.138349608 0.005444850 0.990368485 0.431626797
0.988064587 -0.005002180 -0.153959095 -0.029201198 0.004153215 0.999974370 -0.005835358 -0.005861396 0.153984338 0.005126284 0.988059998 0.470981807
0.986306369 -0.003753404 -0.164880782 -0.038665969 0.002808866 0.999978304 -0.005961403 -0.006277679 0.164899588 0.005416641 0.986295462 0.493514061
0.984596074 -0.004888940 -0.174776018 -0.047269709 0.004022538 0.999977827 -0.005311120 -0.008604988 0.174798101 0.004526265 0.984593868 0.511649311
0.982832849 -0.008095693 -0.184320390 -0.055239961 0.006806065 0.999947727 -0.007628271 -0.009135402 0.184372514 0.006242820 0.982836604 0.556173980
0.981004417 -0.007573837 -0.193837389 -0.066532455 0.005565086 0.999925017 -0.010905510 -0.008617677 0.193905458 0.009619632 0.980973065 0.621483803
0.979780972 -0.007557138 -0.199930206 -0.074650332 0.005443645 0.999923348 -0.011118775 -0.010750661 0.199998915 0.009805616 0.979747057 0.646953464
0.978268385 -0.007240714 -0.207216069 -0.083973981 0.004433335 0.999892056 -0.014009245 -0.011315238 0.207295135 0.012786143 0.978194892 0.679722667
0.976368427 -0.011552340 -0.215803668 -0.092163011 0.008350550 0.999841213 -0.015742512 -0.012290203 0.215951264 0.013568413 0.976309836 0.728500783
0.974403083 -0.019558376 -0.223955631 -0.104351453 0.016280307 0.999731719 -0.016474459 -0.014842744 0.224217758 0.012406697 0.974460065 0.784173727
0.972671747 -0.017957956 -0.231489167 -0.116088614 0.013796584 0.999713063 -0.019583015 -0.015329534 0.231774405 0.015854087 0.972640336 0.823148847
0.970526814 -0.014339706 -0.240566239 -0.130625725 0.008785699 0.999669909 -0.024143938 -0.016163329 0.240833029 0.021318797 0.970332384 0.876122236
0.968674839 -0.011672695 -0.248058170 -0.143809915 0.005349558 0.999643743 -0.026149327 -0.018260401 0.248275027 0.024003193 0.968392134 0.913746893
0.966370940 -0.013795266 -0.256781906 -0.157447666 0.006803207 0.999581993 -0.028098082 -0.020180084 0.257062197 0.025406228 0.966060817 0.965969324
0.964123547 -0.016117951 -0.264964193 -0.175252780 0.008251431 0.999492288 -0.030775363 -0.021975080 0.265325725 0.027484916 0.963766992 1.022486806
0.961972952 -0.016825397 -0.272626013 -0.189119011 0.008068721 0.999415874 -0.033209153 -0.022894004 0.273025513 0.029746562 0.961546779 1.071650147
0.959836960 -0.015207176 -0.280146062 -0.207421765 0.005147922 0.999316454 -0.036608104 -0.026128711 0.280511260 0.033695638 0.959259093 1.125783443
0.957412601 -0.016563356 -0.288247854 -0.221769497 0.004913860 0.999143302 -0.041091636 -0.028936930 0.288681507 0.037925240 0.956673741 1.177539945
0.955685139 -0.018334839 -0.293819249 -0.239071652 0.004299978 0.998821616 -0.048342001 -0.031951655 0.294359356 0.044936314 0.954637766 1.230675459
0.954777122 -0.015812259 -0.296901643 -0.260790288 -0.001074895 0.998394728 -0.056628730 -0.036272746 0.297320485 0.054386955 0.953227460 1.286849380
0.953370988 -0.017718541 -0.301280320 -0.278142244 -0.001813733 0.997920692 -0.064427897 -0.040794332 0.301795423 0.061970133 0.951356530 1.344558358
0.952134430 -0.016909212 -0.305211663 -0.299164593 -0.005893519 0.997267783 -0.073635571 -0.043280985 0.305622876 0.071909726 0.949433327 1.402952790
0.951155186 -0.014474646 -0.308373570 -0.323705047 -0.011163368 0.996634245 -0.081213266 -0.046193920 0.308511168 0.080688909 0.947792232 1.459560275
0.949412763 -0.012178819 -0.313794583 -0.341560394 -0.016407676 0.995958984 -0.088297457 -0.051406283 0.313601911 0.088979378 0.945376396 1.520990133
0.947888434 -0.012137182 -0.318371117 -0.362519979 -0.018572470 0.995469868 -0.093245998 -0.058886871 0.318060607 0.094299741 0.943368971 1.577309608
0.946542025 -0.007702831 -0.322488636 -0.387604773 -0.025429219 0.994822025 -0.098399661 -0.065726206 0.321576744 0.101340041 0.941444933 1.634193182
0.944836140 -0.005971270 -0.327488959 -0.409906924 -0.029132565 0.994339228 -0.102180466 -0.070567705 0.326245278 0.106084391 0.939313650 1.695410252
0.943213463 -0.003764643 -0.332165927 -0.437103480 -0.032427598 0.994116545 -0.103347890 -0.080332756 0.330600709 0.108250469 0.937542021 1.764523387
0.941146970 -0.008974888 -0.337878495 -0.460503697 -0.026915096 0.994482934 -0.101386853 -0.085575208 0.336924314 0.104513958 0.935712993 1.816324472
0.938244343 -0.008747874 -0.345862716 -0.483013004 -0.027485980 0.994635820 -0.099720255 -0.096305199 0.344879776 0.103068337 0.932971001 1.895377636
0.935883939 -0.008429495 -0.352207661 -0.508536339 -0.028027890 0.994763672 -0.098283529 -0.102706946 0.351191878 0.101853617 0.930747092 1.958898783
0.933257401 -0.006528021 -0.359149039 -0.536929727 -0.029727185 0.995001554 -0.095332317 -0.109104894 0.357976198 0.099646077 0.928398490 2.018535852
0.929732621 -0.008308114 -0.368141621 -0.566278338 -0.026243722 0.995708227 -0.088748746 -0.119121931 0.367298990 0.092174016 0.925524414 2.088160276
0.926770687 -0.003406812 -0.375612110 -0.596101522 -0.030446544 0.995987296 -0.084156252 -0.122074224 0.374391615 0.089429639 0.922948122 2.143591642
0.923328698 0.000081139 -0.384010613 -0.627615988 -0.033155650 0.996282518 -0.079510115 -0.133515537 0.382576615 0.086146086 0.919898927 2.213908911
0.919691086 0.001907616 -0.392638117 -0.655117691 -0.035005599 0.996404469 -0.077153943 -0.141064137 0.391079217 0.084702328 0.916451097 2.277609348
0.915741444 0.001012485 -0.401766777 -0.681784570 -0.035021756 0.996391535 -0.077313609 -0.143133059 0.400238752 0.084869854 0.912472486 2.335469007
0.912316263 0.001919064 -0.409481823 -0.714213192 -0.036432646 0.996403635 -0.076501407 -0.146658376 0.407862365 0.084711984 0.909105182 2.401951075
0.908966899 -0.000369568 -0.416868120 -0.757277668 -0.033430930 0.996714115 -0.073778644 -0.156663239 0.415525615 0.080998637 0.905967832 2.465626001
0.905098259 0.002740648 -0.425193667 -0.782242060 -0.037247952 0.996646047 -0.072864689 -0.155539796 0.423567891 0.081787296 0.902164698 2.528282166
0.901954472 0.006581747 -0.431781024 -0.815242589 -0.040088858 0.996842086 -0.068547167 -0.162620693 0.429966331 0.079136036 0.899370015 2.588698149
0.898492694 0.006970906 -0.438933104 -0.852621555 -0.038001217 0.997355640 -0.061948728 -0.173557997 0.437340558 0.072340474 0.896381676 2.655053377
0.895434856 0.007872368 -0.445122957 -0.895466030 -0.037612457 0.997606635 -0.058019880 -0.176631585 0.443600833 0.068695188 0.893587887 2.719931841
0.891218245 0.007930283 -0.453505397 -0.910505176 -0.037569866 0.997702003 -0.056384977 -0.178532600 0.452016085 0.067289457 0.889468133 2.773731470
0.888392508 0.002766396 -0.459076345 -0.945299745 -0.031159053 0.998039246 -0.054284003 -0.183776006 0.458026052 0.062529884 0.886736810 2.821845293
0.887164772 0.008673460 -0.461371303 -0.996263444 -0.037175495 0.997916877 -0.052724134 -0.187939808 0.459952921 0.063926704 0.885639191 2.883734941
0.882776260 0.006096940 -0.469754070 -1.019798398 -0.034799431 0.998017430 -0.052442886 -0.190819338 0.468502998 0.062642507 0.881238222 2.956876278
0.880965173 0.006653375 -0.473134309 -1.058034539 -0.035050668 0.998071671 -0.051228318 -0.196854919 0.471881121 0.061714038 0.879499614 3.019359350
0.879165530 0.004585050 -0.476494431 -1.100411892 -0.033357024 0.998092830 -0.051941931 -0.200500906 0.475347519 0.061559994 0.877641797 3.084470034
0.878482461 0.006592544 -0.477729172 -1.144589305 -0.036231630 0.997944772 -0.052853923 -0.199923262 0.476398855 0.063740149 0.876915812 3.148921967
0.877674937 0.003046654 -0.479246795 -1.201512575 -0.031317364 0.998207092 -0.051007692 -0.213906810 0.478232145 0.059776917 0.876196742 3.251231194
0.877205074 0.002815743 -0.480107665 -1.217259288 -0.029024819 0.998464823 -0.047175460 -0.221961722 0.479237795 0.055317588 0.875940144 3.293001175
0.878583312 0.002239887 -0.477583915 -1.286104918 -0.028918326 0.998403668 -0.048516814 -0.221528500 0.476712853 0.056436989 0.877245545 3.373746872
0.878566206 0.003011430 -0.477611065 -1.324930429 -0.029773796 0.998380601 -0.048473962 -0.226946652 0.476691633 0.056807879 0.877233148 3.434438467
0.877379298 -0.005372433 -0.479767352 -1.357666135 -0.018912287 0.998772979 -0.045770295 -0.238023221 0.479424566 0.049231406 0.876201093 3.484084845
0.876761615 -0.007256632 -0.480870545 -1.396071315 -0.015253005 0.998963535 -0.042885479 -0.242358193 0.480683327 0.044935063 0.875742197 3.530138016
0.874799967 -0.009662152 -0.484387934 -1.413392305 -0.008070937 0.999371767 -0.034510639 -0.259754986 0.484417051 0.034099370 0.874172390 3.561614275
0.871639729 -0.016714631 -0.489862025 -1.473792672 0.002446047 0.999554276 -0.029753501 -0.267902762 0.490141004 0.024736108 0.871292114 3.656854153
0.870824337 -0.014265106 -0.491387337 -1.551937103 0.000401915 0.999599218 -0.028306372 -0.274055064 0.491594195 0.024452383 0.870481014 3.741892099
0.865741313 -0.024013169 -0.499915332 -1.555539131 0.012301108 0.999567509 -0.026710935 -0.279987395 0.500340521 0.016975248 0.865662277 3.737001419
0.859043300 -0.022144355 -0.511423767 -1.630889416 0.004582006 0.999356508 -0.035575129 -0.271212012 0.511882424 0.028217230 0.858591974 3.886989117
0.851736724 -0.031281985 -0.523035347 -1.672949433 0.017699501 0.999364257 -0.030947784 -0.292844355 0.523670912 0.017101901 0.851748943 3.957734585
0.847433329 -0.028388668 -0.530142307 -1.753142715 0.017905816 0.999529541 -0.024901478 -0.304767787 0.530599833 0.011609712 0.847543001 4.057678699
0.845213056 -0.035718363 -0.533234537 -1.765209198 0.033343643 0.999344647 -0.014088493 -0.317041814 0.533388317 -0.005872201 0.845850110 3.994837999
0.839755058 -0.039221648 -0.541547000 -1.854854107 0.036406592 0.999210358 -0.015913779 -0.333440840 0.541743517 -0.006352203 0.840519845 4.153985023
0.836590171 -0.015035640 -0.547622919 -1.965019464 -0.004376880 0.999407947 -0.034126393 -0.297048569 0.547811806 0.030946683 0.836029053 4.392749310
0.829949498 -0.027088504 -0.557180405 -2.004623175 0.005423397 0.999164879 -0.040498082 -0.304107845 0.557812095 0.030589554 0.829403341 4.481369972
0.826542497 -0.013660166 -0.562708557 -2.110989332 -0.016448036 0.998692393 -0.048403934 -0.304195732 0.562633932 0.049263358 0.825237036 4.690778732
0.824356198 -0.014736970 -0.565879643 -2.161870956 -0.011925680 0.998987079 -0.043389183 -0.312107921 0.565945864 0.042516641 0.823345423 4.738483429
0.820169449 -0.023380097 -0.571642816 -2.222351551 0.003988723 0.999374032 -0.035151385 -0.335515440 0.572106779 0.026549967 0.819749296 4.821650505
0.820367217 -0.049258150 -0.569711566 -2.272321701 0.048043523 0.998697698 -0.017167751 -0.374513745 0.569815278 -0.013287087 0.821665406 4.757630348
0.819240689 -0.053865083 -0.570914388 -2.297167301 0.055314988 0.998358965 -0.014819033 -0.377608836 0.570775747 -0.019439766 0.820875883 4.728139877
0.818558812 -0.056146946 -0.571672142 -2.366707563 0.057543043 0.998220384 -0.015646489 -0.381460756 0.571533263 -0.020088183 0.820332944 4.787695885
0.812415481 -0.069480948 -0.578924477 -2.471884251 0.067493394 0.997406662 -0.024991317 -0.379502833 0.579159558 -0.018770242 0.814998150 4.942695618
0.804919243 -0.070222341 -0.589214563 -2.513594627 0.070523821 0.997256041 -0.022510767 -0.395174354 0.589178503 -0.023434315 0.807662964 5.022498131
0.800216675 -0.078364372 -0.594568968 -2.562085152 0.085366681 0.996214509 -0.016408322 -0.413172245 0.593604088 -0.037626170 0.803877175 5.066029072
0.795963287 -0.068129897 -0.601498723 -2.610296011 0.075514197 0.997059882 -0.013005937 -0.427875698 0.600616336 -0.035069443 0.798767865 5.149463654
0.790435731 -0.069040097 -0.608641803 -2.666112661 0.078581437 0.996846735 -0.011022607 -0.446440041 0.607483625 -0.039115280 0.793368578 5.216490746
0.784585238 -0.070954196 -0.615947664 -2.747806311 0.077167489 0.996880949 -0.016541034 -0.439706594 0.615200162 -0.034553278 0.787613451 5.318293095
0.778346360 -0.076289408 -0.623182893 -2.810075521 0.086293280 0.996168971 -0.014170924 -0.456968188 0.621876538 -0.042746596 0.781947792 5.386146545
0.772854567 -0.078433968 -0.629717410 -2.874335766 0.089626029 0.995876491 -0.014042271 -0.470330834 0.628222167 -0.045586433 0.776697397 5.460987091
0.765391946 -0.087501429 -0.637588143 -2.914221287 0.107227273 0.994204521 -0.007721954 -0.501211703 0.634568691 -0.062456518 0.770338714 5.496613026
0.760430872 -0.084154829 -0.643943250 -3.002357006 0.096985005 0.995164752 -0.015525481 -0.482860029 0.642136157 -0.050646778 0.764915764 5.627540588
0.761169434 -0.077449314 -0.643912077 -2.912332058 0.089103498 0.995917439 -0.014458899 -0.467396796 0.642403066 -0.046369143 0.764962912 5.474182606
0.749798179 -0.085090376 -0.656172454 -3.075558186 0.101631567 0.994738936 -0.012861785 -0.490490675 0.653814733 -0.057044093 0.754501343 5.696183205
0.744065404 -0.085927218 -0.662558079 -3.130777836 0.102265872 0.994656444 -0.014150547 -0.497127950 0.660233617 -0.057228137 0.748876929 5.757732868
0.737153411 -0.088942975 -0.669846237 -3.203692913 0.104244828 0.994400859 -0.017318210 -0.496100903 0.667636037 -0.057061825 0.742297888 5.837941647
0.731339514 -0.090598591 -0.675969243 -3.232742071 0.108463511 0.993973732 -0.015871985 -0.502734125 0.673333645 -0.061710186 0.736758888 5.869393349
0.727456570 -0.086036436 -0.680738389 -3.288259268 0.101522081 0.994684160 -0.017225673 -0.501162589 0.678601682 -0.056579039 0.732324123 5.923443317
0.722855568 -0.085925750 -0.685636044 -3.354849339 0.101101615 0.994711995 -0.018070105 -0.504865766 0.683563054 -0.056256820 0.727720261 5.992027283
0.717149615 -0.090119921 -0.691067874 -3.421965122 0.106016926 0.994170606 -0.019628417 -0.506699204 0.688808262 -0.059188377 0.722523332 6.061741352
0.712711096 -0.091708072 -0.695436954 -3.486183643 0.105553247 0.994149387 -0.022924509 -0.510455728 0.693470597 -0.057067070 0.718221366 6.123782158
0.707329154 -0.094437301 -0.700547695 -3.539661646 0.106869452 0.993930876 -0.026082829 -0.513077378 0.698759139 -0.056417994 0.713128805 6.181098938
0.703010678 -0.092643768 -0.705119252 -3.674864769 0.101873413 0.994372249 -0.029079197 -0.519860506 0.703845024 -0.051389918 0.708492219 6.313298225
0.698071361 -0.094023108 -0.709828258 -3.730564356 0.105748408 0.994007945 -0.027668361 -0.523189127 0.708176374 -0.055748705 0.703831196 6.368047714
0.694454074 -0.094427444 -0.713314056 -3.722407579 0.106437065 0.993926466 -0.027951621 -0.521668315 0.711621165 -0.056511939 0.700286865 6.346378803
0.689480186 -0.093973860 -0.718182445 -3.851035357 0.105178818 0.994027674 -0.029092757 -0.529524744 0.716627181 -0.055478703 0.695246458 6.474699974
0.683673382 -0.094622709 -0.723627865 -3.957981348 0.105858497 0.993929923 -0.029954217 -0.537293673 0.722069740 -0.056123249 0.689540029 6.584416389
0.680730224 -0.096056707 -0.726208985 -3.988225937 0.107391104 0.993740320 -0.030777713 -0.536689401 0.724619567 -0.057037063 0.686784744 6.602223396
0.676830769 -0.096589372 -0.729774356 -4.048205853 0.108546339 0.993612945 -0.030838231 -0.540505588 0.728091955 -0.058342069 0.682992220 6.657752037
0.672073960 -0.099729821 -0.733737409 -4.148096085 0.111079663 0.993254840 -0.033259008 -0.546693027 0.732105136 -0.059150781 0.678618670 6.753697872
0.667878687 -0.103722833 -0.737007201 -4.223674774 0.114278384 0.992790401 -0.036161024 -0.553701639 0.735444427 -0.060072821 0.674916863 6.821211815
0.662784696 -0.108115338 -0.740963936 -4.325231552 0.118206501 0.992221236 -0.039042216 -0.558669925 0.739421189 -0.061710168 0.670408964 6.913937569
0.656919003 -0.111204170 -0.745715201 -4.395542145 0.122029528 0.991704404 -0.040388271 -0.563394368 0.744020402 -0.064467445 0.665039599 6.972321510
0.649333239 -0.115541168 -0.751675904 -4.433858871 0.128786653 0.990822375 -0.041048698 -0.566931248 0.749520123 -0.070151530 0.658254087 6.992281914
0.640581846 -0.117000468 -0.758924067 -4.533407688 0.130849302 0.990501285 -0.042256437 -0.570786357 0.756659329 -0.072235994 0.649806559 7.080403805
0.632843494 -0.116670005 -0.765439272 -4.607817650 0.133595914 0.990208983 -0.040476602 -0.577042043 0.762667239 -0.076644190 0.642233968 7.134413719
0.622209311 -0.114948928 -0.774365783 -4.710905075 0.131299630 0.990472555 -0.041528057 -0.586149752 0.771761656 -0.075834803 0.631373942 7.235720634
0.613052845 -0.116590679 -0.781391621 -4.784516335 0.131848454 0.990278840 -0.044314798 -0.592181623 0.778962255 -0.075857952 0.622465611 7.292090416
0.604599953 -0.118468150 -0.787670135 -4.832790852 0.131711826 0.990133941 -0.047819979 -0.595343053 0.785564125 -0.074833512 0.614238620 7.321596146
0.594836771 -0.119923607 -0.794850647 -4.938611031 0.132151261 0.989944279 -0.050461374 -0.604219198 0.792909384 -0.075024240 0.604703307 7.404075623
0.584938288 -0.121543519 -0.801919222 -5.016700268 0.136063904 0.989401340 -0.050711256 -0.610671222 0.799583614 -0.079449289 0.595276475 7.459324837
0.573994875 -0.121886790 -0.809736669 -5.119525433 0.137224287 0.989193738 -0.051626183 -0.617378831 0.807278991 -0.081482373 0.584517956 7.539208889
0.564245105 -0.121967182 -0.816548526 -5.199674606 0.136779293 0.989170074 -0.053235330 -0.624745131 0.814198375 -0.081649147 0.574816942 7.593274117
0.554887354 -0.123464979 -0.822712898 -5.281014442 0.136391461 0.989046156 -0.056436047 -0.629827857 0.820668876 -0.080895364 0.565648794 7.645213127
0.545248866 -0.124906152 -0.828916252 -5.362510204 0.136679932 0.988850713 -0.059100017 -0.635745764 0.827056408 -0.081071988 0.556241930 7.697694302
0.536193013 -0.125308707 -0.834742367 -5.444518566 0.135207251 0.988900602 -0.061600640 -0.643641174 0.833196282 -0.079833373 0.547184229 7.749215126
0.526106000 -0.125411868 -0.841120899 -5.548840523 0.135185301 0.988823175 -0.062878437 -0.654257059 0.839605510 -0.080626450 0.537179708 7.817028522
0.518509626 -0.123193130 -0.846150815 -5.636995316 0.133714974 0.989074588 -0.062063027 -0.662667632 0.844551980 -0.080962762 0.529317498 7.867415905
0.512517452 -0.122353300 -0.849915028 -5.717421532 0.134260193 0.989040852 -0.061419930 -0.667462528 0.848115623 -0.082630962 0.523327827 7.906668663
0.504008353 -0.119620718 -0.855375111 -5.797160149 0.132680640 0.989330471 -0.060175091 -0.681628942 0.853446901 -0.083162948 0.514502168 7.962911606
0.496454000 -0.122467183 -0.859380782 -5.889392376 0.135603443 0.988785386 -0.062571652 -0.692753851 0.857406080 -0.085471027 0.507493436 8.014755249
0.490840435 -0.125519410 -0.862160444 -5.983463287 0.138063744 0.988269806 -0.065277606 -0.703338146 0.860240698 -0.086992204 0.502412438 8.063959122
0.483052731 -0.129874274 -0.865905821 -6.084129810 0.140099347 0.987661362 -0.069980398 -0.709902525 0.864310324 -0.087508604 0.495287776 8.127489090
0.476854682 -0.130722985 -0.869207263 -6.150873184 0.138639316 0.987686872 -0.072482787 -0.718952119 0.867979765 -0.085942529 0.489106417 8.171075821
0.475160539 -0.134568229 -0.869548202 -6.260861397 0.145173132 0.986682415 -0.073366329 -0.731514931 0.867840648 -0.091374233 0.488368213 8.212734222
0.469914317 -0.129334375 -0.873185694 -6.352383614 0.143515155 0.987240255 -0.068993658 -0.741838455 0.870967329 -0.092894256 0.482479751 8.270220757
0.464724779 -0.127576634 -0.876216352 -6.443520546 0.146829456 0.986969054 -0.065827250 -0.749991715 0.873196423 -0.098062828 0.477400959 8.324724197
0.456862688 -0.122004353 -0.881130755 -6.515589714 0.143597499 0.987673163 -0.062301852 -0.766379952 0.877870321 -0.098064773 0.468750536 8.390087128
0.453807175 -0.125740245 -0.882183909 -6.614378929 0.148629084 0.986807108 -0.064195707 -0.770211995 0.878617346 -0.101985708 0.466508806 8.440274239
0.455521464 -0.125151053 -0.881383777 -6.710149288 0.149829626 0.986723483 -0.062672891 -0.778985679 0.877525628 -0.103508569 0.468225062 8.473621368
0.448730886 -0.125708565 -0.884781301 -6.781003952 0.152045667 0.986361742 -0.063028604 -0.780373335 0.880637646 -0.106244281 0.461724460 8.520465851
0.443712652 -0.126201138 -0.887238622 -6.874871731 0.156039923 0.985791445 -0.062182944 -0.792530417 0.882479787 -0.110853292 0.457100570 8.582000732
0.445019186 -0.128172413 -0.886301219 -6.983817577 0.160855383 0.985048413 -0.061685912 -0.803484678 0.880956054 -0.115114890 0.458982646 8.622375488
0.447207570 -0.124536842 -0.885717809 -7.082799911 0.162036240 0.985154212 -0.056704469 -0.820664883 0.879630446 -0.118159704 0.460747898 8.658960342
0.443383515 -0.125988841 -0.887433350 -7.170587540 0.161431581 0.985106707 -0.059200313 -0.819739878 0.881675065 -0.117011309 0.457118630 8.709625244
0.442710698 -0.127888799 -0.887497425 -7.271716595 0.165277988 0.984455705 -0.059414860 -0.829346001 0.881300449 -0.120380200 0.456966281 8.756477356
0.439030588 -0.131447479 -0.888804674 -7.354508877 0.170550987 0.983446479 -0.061199564 -0.835343599 0.882136345 -0.124718025 0.454181612 8.802744865
0.439200819 -0.130189463 -0.888905704 -7.429026604 0.165687829 0.984209538 -0.062282734 -0.842192411 0.882978022 -0.119926222 0.453836441 8.839906693
0.434682965 -0.130297735 -0.891107917 -7.497017384 0.163573757 0.984442949 -0.064153798 -0.846605599 0.885604024 -0.117875285 0.449233890 8.889488220
0.439100981 -0.131861955 -0.888708472 -7.592093468 0.164397523 0.984262526 -0.064812772 -0.856501162 0.883268833 -0.117642097 0.453868449 8.930719376
0.442103744 -0.130962983 -0.887351692 -7.664028168 0.160801426 0.984828651 -0.065233633 -0.862810850 0.882432580 -0.113847375 0.456455410 8.970043182
0.448344529 -0.128798172 -0.884532809 -7.753480911 0.156572342 0.985580981 -0.064149879 -0.875200272 0.880041122 -0.109732114 0.462046087 9.016964912
0.457069933 -0.127458826 -0.880250692 -7.830525875 0.156227857 0.985797048 -0.061620474 -0.885191023 0.875602603 -0.109354809 0.470490813 9.046880722
0.463038087 -0.128392905 -0.876989782 -7.911558151 0.157919616 0.985571563 -0.060910169 -0.891189337 0.872156680 -0.110290147 0.476632953 9.089979172
0.464170098 -0.124991730 -0.876882732 -7.980690002 0.152987778 0.986427784 -0.059623666 -0.897780120 0.872433960 -0.106476806 0.476992488 9.150088310
0.476343393 -0.121483989 -0.870826483 -8.048067093 0.152620599 0.986798644 -0.054178897 -0.909792781 0.865912259 -0.107098274 0.488595963 9.178762436
0.486843705 -0.124102101 -0.864628255 -8.126531601 0.156063959 0.986286700 -0.053689536 -0.914221466 0.859434307 -0.108798869 0.499535382 9.215524673
0.496398091 -0.124834590 -0.859072328 -8.197237015 0.152599096 0.986744821 -0.055210698 -0.916989267 0.854577363 -0.103687182 0.508867860 9.254528046
0.506502509 -0.126109526 -0.852966368 -8.271287918 0.150563464 0.986983538 -0.056517161 -0.923150301 0.848991096 -0.099799477 0.518897116 9.297484398
0.516055882 -0.126966521 -0.847092569 -8.351140022 0.150240481 0.987038612 -0.056414589 -0.931213319 0.843275785 -0.098154515 0.528442621 9.351285934
0.529370070 -0.125700831 -0.839027166 -8.417504311 0.148003981 0.987480581 -0.054561108 -0.935348272 0.835381448 -0.095296338 0.541346908 9.389196396
0.541759491 -0.123931162 -0.831346989 -8.489950180 0.148483500 0.987626314 -0.050466690 -0.942324638 0.827314556 -0.096100472 0.553457737 9.435050964
0.553344488 -0.121340185 -0.824066997 -8.546576500 0.146106720 0.988133073 -0.047390450 -0.946418345 0.820038199 -0.094178483 0.564506590 9.473959923
0.565580130 -0.120426342 -0.815853298 -8.615511894 0.145428196 0.988341689 -0.045070693 -0.952213585 0.811769545 -0.093156978 0.576499820 9.520280838
0.574799597 -0.119029470 -0.809590936 -8.679826736 0.142508075 0.988806307 -0.044199482 -0.955373883 0.805789649 -0.089967385 0.585328102 9.568003654
0.587727726 -0.120186761 -0.800082088 -8.747763634 0.144012794 0.988653123 -0.042723987 -0.963258982 0.796138525 -0.090111963 0.598367274 9.615203857
0.597865820 -0.122425482 -0.792192161 -8.807495117 0.146808892 0.988275707 -0.041931883 -0.967837393 0.788037837 -0.091231212 0.608829439 9.660072327
0.607630730 -0.121600099 -0.784855604 -8.870389938 0.146871701 0.988369584 -0.039423905 -0.972666979 0.780521393 -0.091317900 0.618423343 9.706952095
0.618902385 -0.121106543 -0.776075363 -8.932822227 0.146466330 0.988506377 -0.037452847 -0.976180673 0.771691263 -0.090489268 0.629526973 9.752557755
0.628983140 -0.115564004 -0.768781602 -8.993842125 0.144156292 0.989077449 -0.030736784 -0.981303275 0.763936639 -0.091491796 0.638772309 9.801330566
0.638453484 -0.115240164 -0.760984123 -9.051551819 0.144273952 0.989120185 -0.028744580 -0.985837579 0.756017327 -0.091438107 0.648133397 9.851979256
0.647836685 -0.114468642 -0.753129840 -9.112974167 0.143036440 0.989339948 -0.027331481 -0.990484238 0.748230040 -0.090018675 0.657303929 9.907325745
0.658434391 -0.112887196 -0.744124115 -9.173869133 0.138679489 0.989956200 -0.027471261 -0.993315697 0.739751458 -0.085106723 0.667476416 9.951782227
0.666621923 -0.113630556 -0.736683965 -9.220928192 0.139929101 0.989818692 -0.026054375 -0.996838629 0.732144117 -0.085715108 0.675735116 9.999896049
0.676107287 -0.109016538 -0.728693604 -9.269292831 0.136611864 0.990393162 -0.021414969 -1.001493573 0.724027693 -0.085069373 0.684504986 10.046072006
0.682439864 -0.108507752 -0.722842932 -9.322769165 0.137209132 0.990357459 -0.019125151 -1.002782226 0.717948079 -0.086128883 0.690747678 10.092535019
0.691365242 -0.109803796 -0.714112997 -9.381212234 0.139576793 0.990063548 -0.017103998 -1.005930662 0.708895266 -0.087848485 0.699821532 10.151551247
0.698864162 -0.108003959 -0.707053065 -9.428978920 0.137564838 0.990374446 -0.015310344 -1.009768963 0.701900840 -0.086565778 0.706994772 10.198875427
0.705702662 -0.108287454 -0.700184047 -9.479106903 0.138209805 0.990306020 -0.013857331 -1.012197256 0.694897056 -0.086993128 0.713827968 10.247268677
0.713847756 -0.105023026 -0.692381084 -9.531476974 0.135735556 0.990691245 -0.010327940 -1.013960719 0.687020600 -0.086608142 0.721458137 10.299387932
0.720042825 -0.103043512 -0.686236441 -9.582261086 0.135495648 0.990755975 -0.006598754 -1.015806198 0.680572808 -0.088230647 0.727348685 10.355167389
0.727281630 -0.101186022 -0.678839326 -9.629969597 0.134286448 0.990935147 -0.003837014 -1.018156290 0.673074007 -0.088368334 0.734276831 10.405217171
0.734503329 -0.101246268 -0.671009719 -9.677563667 0.133641616 0.991024435 -0.003244830 -1.018941879 0.665315568 -0.087291479 0.741441488 10.457106590
0.741660357 -0.097665489 -0.663627386 -9.721754074 0.130340397 0.991469264 -0.000247163 -1.020644784 0.657990277 -0.086314142 0.748063207 10.508809090
0.750928462 -0.094570346 -0.653577030 -9.766273499 0.128866524 0.991651416 0.004572869 -1.023004532 0.647688091 -0.087658092 0.756846189 10.557050705
0.760307491 -0.091108665 -0.643142104 -9.810455322 0.126606047 0.991910815 0.009154824 -1.023595333 0.637105525 -0.088386163 0.765692115 10.608261108
0.770182610 -0.088922277 -0.631594479 -9.855566025 0.124248937 0.992180645 0.011823108 -1.024489641 0.625604451 -0.087580889 0.775208771 10.660837173
0.779667139 -0.087007120 -0.620120108 -9.891722679 0.121101983 0.992554963 0.012997309 -1.026079774 0.614372432 -0.085231341 0.784399211 10.709702492
0.789156973 -0.088719107 -0.607750177 -9.933444977 0.121368177 0.992526233 0.012706710 -1.026451468 0.602080643 -0.083789110 0.794026673 10.759830475
0.798910260 -0.087370783 -0.595070422 -9.972615242 0.119733632 0.992692769 0.014996671 -1.027274847 0.589411795 -0.083230935 0.803533614 10.811934471
0.808576643 -0.084410802 -0.582304597 -10.012698174 0.117387250 0.992903113 0.019070525 -1.028495312 0.576562285 -0.083775103 0.812747002 10.867464066
0.818282425 -0.083818585 -0.568672478 -10.049253464 0.117828973 0.992762327 0.023221537 -1.026569366 0.562610209 -0.086007863 0.822236240 10.917705536
0.827648938 -0.082264736 -0.555184484 -10.083246231 0.117036164 0.992750406 0.027372006 -1.026535034 0.548907816 -0.087631062 0.831276715 10.966496468
0.836048901 -0.081038542 -0.542637050 -10.117403984 0.116967231 0.992620945 0.031973075 -1.026327491 0.536041915 -0.090201803 0.839358568 11.019015312
0.843613029 -0.080568247 -0.530872703 -10.147050858 0.117054150 0.992494941 0.035384808 -1.024129868 0.524037600 -0.091991931 0.846712530 11.067142487
0.850566685 -0.080393463 -0.519685686 -10.184010506 0.117300548 0.992350996 0.038472112 -1.023846149 0.512617707 -0.093682513 0.853490889 11.125615120
0.856886506 -0.080399945 -0.509196818 -10.218045235 0.116909958 0.992334545 0.040053125 -1.021467566 0.502073348 -0.093851157 0.859717607 11.181645393
0.863533854 -0.079867974 -0.497926116 -10.254463196 0.115678109 0.992422342 0.041430257 -1.020882368 0.490844071 -0.093375579 0.866229296 11.241650581
0.869805753 -0.078688234 -0.487079173 -10.286063194 0.114095002 0.992521286 0.043403104 -1.018876433 0.480021119 -0.093325563 0.872278690 11.297342300
0.875979066 -0.077658311 -0.476056635 -10.318764687 0.112411402 0.992646039 0.044916559 -1.015969753 0.469067603 -0.092860155 0.878266811 11.354043961
0.881452620 -0.078192681 -0.465754449 -10.349676132 0.112573296 0.992558837 0.046413284 -1.015226364 0.458659530 -0.093342617 0.883696020 11.411342621
0.885930538 -0.080091938 -0.456850469 -10.379932404 0.113729216 0.992420137 0.046560831 -1.013470411 0.449658453 -0.093206905 0.888324142 11.470319748
0.890200019 -0.079605564 -0.448560923 -10.410964012 0.112453118 0.992543638 0.047025442 -1.011143565 0.441472799 -0.092304125 0.892514288 11.532440186
0.893514037 -0.078819185 -0.442063630 -10.440588951 0.111465201 0.992592931 0.048319642 -1.008485079 0.434980720 -0.092448987 0.895681262 11.591906548
0.896577299 -0.077219293 -0.436103553 -10.467820168 0.111039288 0.992425263 0.052558467 -1.006488562 0.428741634 -0.095547356 0.898360372 11.644502640
0.899544716 -0.072690107 -0.430738270 -10.497824669 0.107716620 0.992519855 0.057458431 -1.003799081 0.423339635 -0.098084092 0.900645912 11.709288597
0.902726293 -0.070726559 -0.424361855 -10.527544975 0.106168434 0.992510200 0.060430057 -0.999799132 0.416909456 -0.099605635 0.903473973 11.771962166
0.905720949 -0.067451462 -0.418473214 -10.552906036 0.103460714 0.992576420 0.063936725 -0.997751474 0.411054015 -0.101204365 0.905975878 11.831714630
0.909348130 -0.066450313 -0.410694927 -10.597689629 0.102429479 0.992534697 0.066204391 -0.993263483 0.403229684 -0.102270111 0.909366071 11.913870811
0.912414849 -0.065653630 -0.403966278 -10.628006935 0.102172807 0.992336214 0.069494694 -0.989163399 0.396307796 -0.104682356 0.912130356 11.980297089
0.915291071 -0.064892277 -0.397531480 -10.649225235 0.101947658 0.992124200 0.072775595 -0.985204339 0.389678031 -0.107138254 0.914698005 12.038320541
0.918796659 -0.065675393 -0.389229298 -10.687545776 0.102580838 0.991909802 0.074780785 -0.981789827 0.381169081 -0.108635798 0.918100417 12.116696358
0.922131658 -0.066341110 -0.381145805 -10.716470718 0.102424152 0.991897702 0.075154863 -0.976748765 0.373071790 -0.108341210 0.921455145 12.185055733
0.925519645 -0.069304697 -0.372304052 -10.746278763 0.104577072 0.991656482 0.075373039 -0.971756577 0.363974005 -0.108693689 0.925045192 12.256669044
0.929332495 -0.069976017 -0.362552762 -10.776336670 0.104189463 0.991674900 0.075666755 -0.967256665 0.354239613 -0.108093746 0.928886473 12.332460403
0.933673203 -0.070879474 -0.351042002 -10.806199074 0.103391081 0.991829515 0.074729323 -0.962103844 0.342877030 -0.106067374 0.933372974 12.406417847
0.938580334 -0.069066696 -0.338077992 -10.835127831 0.100240238 0.992085874 0.075613998 -0.958333373 0.330179989 -0.104858831 0.938075602 12.478591919
0.944374382 -0.066360720 -0.322107524 -10.856109619 0.096161425 0.992344975 0.077488616 -0.948949933 0.314499557 -0.104152583 0.943526506 12.552324295
0.950752497 -0.062414944 -0.303601861 -10.888065338 0.091501273 0.992379248 0.082528375 -0.945602536 0.296137184 -0.106244013 0.949218094 12.632564545
0.956761003 -0.059335876 -0.284758896 -10.905853271 0.087123848 0.992485285 0.085920826 -0.939333797 0.277520835 -0.107014991 0.954740822 12.698961258
0.962773442 -0.057534967 -0.264115512 -10.927897453 0.083712503 0.992512405 0.088945962 -0.933161736 0.257020414 -0.107744575 0.960380971 12.781066895
0.968251228 -0.056062434 -0.243611500 -10.940112114 0.080674820 0.992462158 0.092252009 -0.929275990 0.236603320 -0.108976439 0.965475559 12.846542358
0.973389328 -0.055350192 -0.222372577 -10.963021278 0.078475788 0.992230833 0.096537672 -0.920739472 0.215301543 -0.111419603 0.970170557 12.932990074
0.978068948 -0.052818678 -0.201472893 -10.970754623 0.074608721 0.991968453 0.102137886 -0.914212644 0.194459975 -0.114929527 0.974154234 13.000591278
0.982533157 -0.050701406 -0.179047540 -10.991715431 0.070861258 0.991616130 0.108056255 -0.908855081 0.172067821 -0.118856378 0.977888465 13.091894150
0.986461163 -0.048732385 -0.156587243 -11.012843132 0.066802301 0.991427422 0.112290442 -0.894272685 0.149772704 -0.121230543 0.981260061 13.185032845
0.989989638 -0.046137821 -0.133386135 -11.031415939 0.061650846 0.991494894 0.114616744 -0.889537334 0.126963511 -0.121692754 0.984414101 13.260066986
0.992574930 -0.045350011 -0.112864546 -11.032004356 0.058345988 0.991691411 0.114646710 -0.883771241 0.106727570 -0.120380640 0.986974001 13.342214584
0.994631350 -0.047213398 -0.092083238 -11.045923233 0.057731520 0.991671562 0.115128428 -0.873220146 0.085880727 -0.119826451 0.989073396 13.442900658
0.996192038 -0.048865885 -0.072204597 -11.051866531 0.057193533 0.991344213 0.118175767 -0.863332868 0.065804847 -0.121855401 0.990364075 13.527684212
0.997441947 -0.048300203 -0.052693900 -11.057202339 0.054383725 0.991173804 0.120900437 -0.851053894 0.046389297 -0.123456858 0.991265059 13.617659569
0.998325527 -0.047615930 -0.032845333 -11.062808037 0.051327530 0.991030037 0.123389430 -0.844083011 0.026675409 -0.124868691 0.991814613 13.706822395
0.998909891 -0.045051940 -0.012220541 -11.063368797 0.046230651 0.991027772 0.125406161 -0.831989884 0.006461104 -0.125834420 0.992030203 13.815581322
0.998961806 -0.044949226 0.007405306 -11.062694550 0.043650378 0.990975559 0.126736343 -0.818495870 -0.013035178 -0.126281515 0.991908789 13.918478012
0.998693526 -0.043035064 0.027553592 -11.063799858 0.039167102 0.990981042 0.128150225 -0.808892012 -0.032820038 -0.126903594 0.991371930 14.017273903
0.997995913 -0.042450536 0.046926051 -11.059383392 0.036141574 0.991121113 0.127956107 -0.798423767 -0.051941205 -0.126003698 0.990669072 14.114600182
0.996874332 -0.042044185 0.066886894 -11.052168846 0.033355262 0.991457403 0.126093715 -0.783654332 -0.071617015 -0.123468563 0.989760816 14.216575623
0.995587170 -0.040072214 0.084855303 -11.045257568 0.029227987 0.991677344 0.125386387 -0.776719928 -0.089173593 -0.122352928 0.988472462 14.314303398
0.993863404 -0.040234648 0.103037350 -11.033553123 0.027280925 0.991885245 0.124174789 -0.764813185 -0.107197359 -0.120601825 0.986896098 14.408136368
0.991791070 -0.039671447 0.121559180 -11.020630836 0.024651192 0.992142141 0.122663558 -0.755443871 -0.125470221 -0.118660048 0.984975636 14.518572807
0.989283442 -0.038598232 0.140813559 -11.014688492 0.021849925 0.992701471 0.118601874 -0.743285120 -0.144363657 -0.114254102 0.982906461 14.607883453
0.986537695 -0.035864688 0.159552708 -10.999102592 0.017935427 0.993498445 0.112423912 -0.727468491 -0.162547410 -0.108048782 0.980766952 14.740915298
0.983733177 -0.033556178 0.176473945 -10.979025841 0.014384578 0.993958056 0.108814090 -0.719389677 -0.179059073 -0.104505524 0.978272200 14.838783264
0.980342269 -0.032058500 0.194682449 -10.966269493 0.011559621 0.994348884 0.105530553 -0.711079717 -0.196965426 -0.101205610 0.975172818 14.950308800
0.976792514 -0.029366478 0.212165043 -10.944358826 0.007579232 0.994675040 0.102782100 -0.696449876 -0.214053616 -0.098788738 0.971813679 15.055740356
0.973058879 -0.030651717 0.228510246 -10.918257713 0.006865020 0.994535685 0.104171075 -0.688807786 -0.230454624 -0.099795856 0.967952192 15.163169861
0.968694985 -0.031575251 0.246237785 -10.897121429 0.005919301 0.994534194 0.104243442 -0.678314149 -0.248183414 -0.099522546 0.963587165 15.279893875
0.964658260 -0.032544784 0.261486650 -10.863773346 0.006365658 0.994932234 0.100346118 -0.674664259 -0.263427228 -0.095135175 0.959976792 15.370169640
0.960086107 -0.031192826 0.277959913 -10.832835197 0.004379318 0.995316684 0.096568674 -0.665788054 -0.279670388 -0.091496967 0.955726326 15.485530853
0.954918563 -0.027643923 0.295578033 -10.801236153 -0.000709902 0.995439529 0.095391899 -0.645527303 -0.296867073 -0.091301329 0.950544059 15.624841690
0.949537933 -0.024868552 0.312664866 -10.765144348 -0.005528825 0.995369852 0.095959738 -0.640102506 -0.313603580 -0.092846081 0.945003927 15.738458633
0.944265425 -0.023462588 0.328347951 -10.720468521 -0.008273317 0.995450139 0.094923839 -0.638603389 -0.329081178 -0.092349827 0.939775050 15.829740524
0.937341809 -0.020958543 0.347780168 -10.694540024 -0.010895233 0.995937645 0.089383937 -0.619014204 -0.348240703 -0.087572448 0.933305681 15.966066360
0.930659175 -0.019848324 0.365348577 -10.659409523 -0.013036073 0.996094823 0.087321967 -0.608898222 -0.365655035 -0.086029701 0.926766038 16.070203781
0.923847914 -0.019446973 0.382265419 -10.611437798 -0.013537928 0.996423423 0.083409086 -0.604012489 -0.382520288 -0.082232393 0.920280457 16.183586121
0.916008890 -0.015618660 0.400853842 -10.558937073 -0.017007113 0.996831417 0.077703729 -0.596293151 -0.400797337 -0.077994674 0.912840784 16.303192139
0.906628668 -0.013485069 0.421713918 -10.514884949 -0.020123178 0.996969759 0.075142063 -0.588157833 -0.421449333 -0.076612175 0.903609991 16.416589737
0.895678282 -0.009528160 0.444600523 -10.452789307 -0.026018616 0.996934950 0.073781438 -0.580069661 -0.443940818 -0.077652320 0.892685056 16.539342880
0.882876277 -0.004814263 0.469581038 -10.398557663 -0.032412361 0.996938109 0.071160525 -0.571026444 -0.468485802 -0.078046165 0.880016983 16.659404755
0.869385242 -0.001119567 0.494133651 -10.339037895 -0.037241671 0.997004807 0.067782424 -0.563538671 -0.492729515 -0.077331401 0.866739571 16.768016815
0.855264783 0.003221083 0.518181205 -10.279762268 -0.042816248 0.997000635 0.064471282 -0.557270586 -0.516419351 -0.077326596 0.852837443 16.874330521
0.840751708 0.005034925 0.541397512 -10.206887245 -0.046035055 0.997000396 0.062217191 -0.551092267 -0.539460242 -0.077232473 0.838461578 16.990736008
0.825757384 0.006434358 0.563988805 -10.135538101 -0.048784208 0.997002423 0.060052343 -0.545555770 -0.561911821 -0.077102415 0.823596001 17.097673416
