1.000000000 0.000000000 0.000000000 0.000000000 0.000000000 1.000000000 0.000000000 0.000000000 0.000000000 0.000000000 1.000000000 0.000000000
0.999933600 -0.002485465 0.011251125 0.011786737 0.002473598 0.999996364 0.001068477 -0.006116244 -0.011253740 -0.001040575 0.999936104 0.295430779
0.999830544 -0.004624132 0.017819339 0.020204106 0.004603956 0.999988735 0.001173063 -0.010198463 -0.017824562 -0.001090825 0.999840558 0.593107045
0.999782443 -0.007350489 0.019521154 0.032965634 0.007353589 0.999972939 -0.000087008 -0.013298516 -0.019519987 0.000230539 0.999809444 0.900481224
0.999819636 -0.008734296 0.016864054 0.045613062 0.008764128 0.999960184 -0.001695853 -0.013178625 -0.016848570 0.001843345 0.999856353 1.222445488
0.999886990 -0.011422724 0.009771860 0.050382070 0.011457765 0.999928117 -0.003537290 -0.011668179 -0.009730752 0.003648853 0.999945998 1.547627568
0.999915242 -0.012884892 -0.001868159 0.041204996 0.012874794 0.999902904 -0.005319532 -0.017472420 0.001936519 0.005295029 0.999984086 1.882135034
0.999756277 -0.012213426 -0.018391868 0.021417875 0.012108011 0.999909699 -0.005832082 -0.019889342 0.018461436 0.005607971 0.999813855 2.226829529
0.999272346 -0.007604834 -0.037377369 -0.021541065 0.007373065 0.999952793 -0.006334736 -0.018900203 0.037423778 0.006054541 0.999281168 2.582843304
0.998351395 -0.004030274 -0.057256266 -0.057506535 0.003628181 0.999968052 -0.007124911 -0.031687222 0.057283152 0.006905428 0.998334110 2.941362858
0.996973693 -0.003738573 -0.077649891 -0.095839158 0.003166708 0.999967039 -0.007486484 -0.037956409 0.077675313 0.007217932 0.996952653 3.314380407
0.995110452 -0.005125802 -0.098635368 -0.148437709 0.004436408 0.999964237 -0.007207384 -0.038073339 0.098668776 0.006734555 0.995097578 3.701286554
0.993078828 -0.006947931 -0.117244251 -0.218093947 0.006288561 0.999962211 -0.005992881 -0.052624371 0.117281467 0.005214105 0.993085027 4.083202839
0.990833163 -0.005624676 -0.134973884 -0.292418540 0.004895563 0.999971509 -0.005733185 -0.056220397 0.135002285 0.005019856 0.990832567 4.493781567
0.988519788 -0.004527994 -0.151024252 -0.364782840 0.003763727 0.999978542 -0.005346022 -0.061046563 0.151045218 0.004716233 0.988515615 4.908804893
0.986515164 -0.003340066 -0.163635671 -0.457530469 0.002512897 0.999983132 -0.005261675 -0.071005687 0.163650483 0.004779524 0.986506760 5.336568356
0.984509945 -0.005053268 -0.175255492 -0.553767502 0.004057653 0.999973595 -0.006038809 -0.079394825 0.175281391 0.005234142 0.984504461 5.774617195
0.982641280 -0.008875801 -0.185303524 -0.641250491 0.007461147 0.999937475 -0.008330203 -0.087007679 0.185365885 0.006803024 0.982645988 6.234831810
0.981087565 -0.007797562 -0.193406925 -0.740368605 0.005907928 0.999929011 -0.010345099 -0.095949069 0.193473876 0.009006814 0.981064141 6.704826355
0.979669392 -0.007437130 -0.200480446 -0.850536525 0.005117215 0.999913871 -0.012087509 -0.100964919 0.200553074 0.010815863 0.979623139 7.186812878
0.977943838 -0.008189830 -0.208707064 -0.963041782 0.005160281 0.999873340 -0.015056162 -0.110316396 0.208803922 0.013647096 0.977862358 7.679733276
0.976323783 -0.011926805 -0.215984970 -1.086597681 0.008482321 0.999821723 -0.016867775 -0.120396793 0.216147661 0.014636358 0.976250947 8.185038567
0.974301577 -0.018912239 -0.224452093 -1.189968348 0.015311371 0.999724805 -0.017772799 -0.137755975 0.224726453 0.013879397 0.974323034 8.706472397
0.972251296 -0.019211980 -0.233148694 -1.323587894 0.014906798 0.999684453 -0.020213570 -0.154269114 0.233463496 0.016177170 0.972230971 9.233258247
0.970191419 -0.015803212 -0.241824135 -1.472408652 0.010210305 0.999651134 -0.024363764 -0.167792305 0.242124766 0.021168415 0.970014155 9.775405884
0.968047559 -0.012757060 -0.250442147 -1.632442236 0.006133811 0.999610901 -0.027208995 -0.187309906 0.250691831 0.024803432 0.967749119 10.329010010
0.965919316 -0.015196615 -0.258396804 -1.796611667 0.007961954 0.999547064 -0.029021747 -0.210224494 0.258720875 0.025975322 0.965602815 10.888098717
0.963450491 -0.018152138 -0.267270505 -1.955323339 0.010151845 0.999458969 -0.031284839 -0.230937824 0.267693788 0.027428102 0.963113606 11.471858978
0.961377561 -0.017183395 -0.274695814 -2.147028923 0.008292558 0.999404550 -0.033494800 -0.258984268 0.275107801 0.029923221 0.960947633 12.060132980
0.958975673 -0.016998272 -0.282978296 -2.331555605 0.006667901 0.999277055 -0.037429143 -0.282417297 0.283409923 0.034006760 0.958395839 12.651047707
0.956720471 -0.018054673 -0.290447712 -2.526103020 0.006016363 0.999087453 -0.042287193 -0.313519061 0.290946156 0.038709581 0.955956101 13.257223129
0.955014706 -0.019429674 -0.295921147 -2.732850790 0.004916852 0.998751760 -0.049708355 -0.351071864 0.296517551 0.046017215 0.953918099 13.872477531
0.953665674 -0.020609809 -0.300161749 -2.935773373 0.003417711 0.998328745 -0.057688933 -0.389796466 0.300849020 0.053990085 0.952142239 14.487222672
0.952564240 -0.020189440 -0.303667217 -3.158784866 0.000066531 0.997810900 -0.066131152 -0.433887988 0.304337651 0.062973976 0.950480282 15.122657776
0.951250017 -0.019511608 -0.307803005 -3.388478756 -0.003782139 0.997183919 -0.074899912 -0.485746533 0.308397621 0.072412699 0.948497415 15.774148941
0.949930489 -0.018862117 -0.311891526 -3.618959188 -0.007167353 0.996598303 -0.082100466 -0.536861897 0.312379211 0.080225170 0.946563840 16.430181503
0.948202431 -0.017125804 -0.317204952 -3.853739262 -0.011624777 0.996006310 -0.088523380 -0.601155400 0.317454129 0.087625511 0.944216430 17.108041763
0.946753621 -0.015949778 -0.321563721 -4.113969326 -0.015249856 0.995429635 -0.094272874 -0.670899689 0.321597695 0.094156973 0.942183316 17.780313492
0.945144892 -0.013715152 -0.326363325 -4.359796524 -0.019998964 0.994814157 -0.099723041 -0.743526697 0.326038599 0.100779660 0.939969301 18.457147598
0.943519533 -0.011436562 -0.331119478 -4.632871151 -0.024019117 0.994413257 -0.102788195 -0.818814158 0.330445170 0.104935870 0.937973619 19.157497406
0.941710293 -0.010535315 -0.336259872 -4.897781849 -0.026154745 0.994191885 -0.104396388 -0.898328781 0.335406661 0.107105963 0.935965121 19.858112335
0.939605236 -0.010169457 -0.342109025 -5.181976795 -0.026988588 0.994244516 -0.103679083 -0.981433988 0.341194391 0.106650434 0.933922946 20.579175949
0.937186122 -0.009914816 -0.348688722 -5.453528881 -0.027441507 0.994402647 -0.102031186 -1.068497539 0.347748607 0.105190754 0.931668341 21.307556152
0.934832454 -0.010571219 -0.354931682 -5.747817516 -0.026587782 0.994666994 -0.099652864 -1.158090353 0.354092300 0.102595583 0.929565907 22.016153336
0.931710839 -0.009680058 -0.363071948 -6.046663761 -0.027455216 0.994907498 -0.096980989 -1.238970995 0.362161815 0.100326464 0.926700234 22.754348755
0.928519845 -0.007649918 -0.371204317 -6.365223408 -0.028265798 0.995429695 -0.091217443 -1.323777676 0.370205611 0.095189571 0.924059927 23.497606277
0.925185323 -0.004409787 -0.379490256 -6.694891453 -0.030672161 0.995792627 -0.086349152 -1.403419137 0.378274411 0.091528744 0.921157360 24.251737595
0.921529889 -0.000073530 -0.388307184 -7.031166553 -0.034613676 0.996003568 -0.082333699 -1.488714933 0.386761427 0.089313716 0.917844594 25.017894745
0.917702198 0.000793954 -0.397267967 -7.380514622 -0.035877094 0.996077418 -0.080886565 -1.561650395 0.395645499 0.088482596 0.914131105 25.798505783
0.913962543 0.000804611 -0.405797720 -7.743141174 -0.036440510 0.996120632 -0.080098465 -1.639893413 0.404159039 0.087994486 0.910446227 26.546775818
0.910114467 0.000992013 -0.414355665 -8.114093781 -0.037099279 0.996175885 -0.079102039 -1.710620761 0.412692636 0.087364204 0.906670928 27.333332062
0.906210363 0.001293953 -0.422825187 -8.505667686 -0.037416849 0.996317625 -0.077143818 -1.787979484 0.421168357 0.085729308 0.902921736 28.136808395
0.902579844 0.000382726 -0.430522352 -8.903646469 -0.036185693 0.996528506 -0.074976556 -1.860749245 0.428999126 0.083251074 0.899460375 28.937023163
0.898907125 0.000721618 -0.438138664 -9.310423851 -0.035029944 0.996915758 -0.070227265 -1.942299008 0.436736584 0.078475766 0.896159947 29.727388382
0.895191610 0.002053589 -0.445676714 -9.728322029 -0.034810141 0.997256756 -0.065324932 -1.998243928 0.444319844 0.073992409 0.892807364 30.536996841
0.891568422 0.003363639 -0.452873558 -10.159056664 -0.034554362 0.997562706 -0.060617663 -2.078431606 0.451565921 0.069693543 0.889511704 31.345167160
0.888068438 0.002168738 -0.459706247 -10.599663734 -0.032905884 0.997723699 -0.058861226 -2.140971661 0.458532155 0.067399837 0.886118352 32.168487549
0.884838521 0.002327282 -0.465892017 -11.046910286 -0.033217575 0.997757733 -0.058103878 -2.203267813 0.464712083 0.066888355 0.882931828 32.990722656
0.881730437 0.002592701 -0.471746534 -11.514318466 -0.032862917 0.997893214 -0.055938937 -2.266317129 0.470607609 0.064826034 0.879957974 33.833465576
0.878904045 0.000782384 -0.476997942 -11.996030807 -0.030708436 0.998017013 -0.054945592 -2.320613861 0.476009041 0.062939771 0.877185225 34.687782288
0.876622021 -0.000054436 -0.481179655 -12.505218506 -0.030120680 0.998032689 -0.054987311 -2.384645224 0.480236024 0.062696554 0.874895692 35.548179626
0.874247074 -0.001241503 -0.485479623 -12.969141960 -0.029289624 0.998040259 -0.055296738 -2.446544170 0.484596878 0.062562525 0.872497439 36.398731232
0.872847140 -0.000846162 -0.487992972 -13.481708527 -0.030283269 0.997977197 -0.055896532 -2.508460045 0.487053186 0.063567147 0.871055961 37.280662537
0.872534394 0.000103618 -0.488552690 -13.996904373 -0.030959466 0.998001814 -0.055080626 -2.571039438 0.487570763 0.063185073 0.870794117 38.147697449
0.872160792 0.000093375 -0.489219308 -14.506693840 -0.030041896 0.998123050 -0.053367000 -2.635864258 0.488296002 0.061241690 0.870526552 39.049304962
0.872030020 -0.000936073 -0.489451498 -15.044411659 -0.028712701 0.998178124 -0.053064931 -2.701399088 0.488609463 0.060327683 0.870414495 39.953865051
0.871260643 -0.003161416 -0.490810513 -15.575057983 -0.026583424 0.998207510 -0.053619146 -2.767960310 0.490100235 0.059763677 0.869614840 40.878593445
0.870313227 -0.005477261 -0.492468178 -16.112861633 -0.024155043 0.998260140 -0.053790644 -2.838038206 0.491905928 0.058710303 0.868666589 41.798873901
0.868736267 -0.006121137 -0.495237142 -16.668140411 -0.022615526 0.998390377 -0.052011870 -2.900985479 0.494758308 0.056384649 0.867199540 42.754558563
0.866796613 -0.005292369 -0.498633802 -17.221092224 -0.021720428 0.998593926 -0.048356358 -2.965244532 0.498188615 0.052745666 0.865462899 43.672687531
0.864110231 -0.005382051 -0.503273904 -17.784854889 -0.019601947 0.998824179 -0.044337608 -3.031668186 0.502920866 0.048177715 0.862988770 44.610710144
0.860162795 -0.005344909 -0.509991527 -18.357887268 -0.018799992 0.998933256 -0.042177685 -3.104690552 0.509672940 0.045867518 0.859144688 45.547695160
0.854970276 -0.009020519 -0.518598557 -18.930665970 -0.016527724 0.998867214 -0.044622213 -3.164904356 0.518413603 0.046721928 0.853852630 46.470413208
0.849266469 -0.011945273 -0.527829349 -19.505676270 -0.015560063 0.998743474 -0.047638316 -3.233112097 0.527735114 0.048670687 0.848013461 47.368984222
0.843295813 -0.012311170 -0.537308753 -20.098791122 -0.015472583 0.998767138 -0.047168329 -3.292279243 0.537226915 0.048090406 0.842065632 48.272735596
0.837611377 -0.009051549 -0.546191812 -20.708381653 -0.016336503 0.999000430 -0.041608337 -3.358664513 0.546022534 0.043774482 0.836626112 49.177001953
0.832864821 -0.003886271 -0.553462863 -21.329433441 -0.020070214 0.999105573 -0.037217610 -3.422671318 0.553112566 0.042105358 0.832041860 50.068645477
0.828758359 -0.004407088 -0.559589267 -21.954822540 -0.020792536 0.999036014 -0.038661987 -3.476606369 0.559220195 0.043676719 0.827867806 50.967937469
0.825203717 -0.006925432 -0.564792871 -22.581134796 -0.020666974 0.998885095 -0.042444177 -3.542800665 0.564457178 0.046697646 0.824140429 51.872154236
0.822562814 -0.008397584 -0.568612218 -23.225835800 -0.024188466 0.998469353 -0.049737349 -3.601004601 0.568159580 0.054665953 0.821100652 52.750434875
0.819329023 -0.010044662 -0.573235571 -23.866592407 -0.023703866 0.998398006 -0.051374767 -3.666129112 0.572833240 0.055680733 0.817778528 53.648769379
0.816310585 -0.008328850 -0.577553093 -24.524803162 -0.023225274 0.998614132 -0.047227431 -3.737557888 0.577146113 0.051966071 0.814985871 54.541870117
0.813150883 -0.006080583 -0.582021117 -25.178634644 -0.022790279 0.998845994 -0.042275961 -3.799653053 0.581606448 0.047641162 0.812074006 55.430027008
0.809971690 -0.004113464 -0.586454511 -25.824769974 -0.023456609 0.998948097 -0.039403446 -3.860361576 0.585999608 0.045671906 0.809023261 56.307941437
0.807232082 -0.003989732 -0.590220809 -26.493051529 -0.024216805 0.998911262 -0.039873157 -3.920520782 0.589737356 0.046480149 0.806256473 57.180141449
0.803523242 -0.005456725 -0.595248342 -27.157617569 -0.024002306 0.998847783 -0.041557189 -3.979409933 0.594789326 0.047679506 0.802466393 58.063701630
0.799832582 -0.007662441 -0.600174248 -27.824058533 -0.023584269 0.998745084 -0.044180997 -4.038677216 0.599759638 0.049492069 0.798648179 58.914230347
0.795833409 -0.008855221 -0.605450809 -28.499481201 -0.022883605 0.998738945 -0.044686690 -4.099572182 0.605082989 0.049418062 0.794627249 59.771068573
0.791472435 -0.008607689 -0.611144245 -29.183584213 -0.022880647 0.998782694 -0.043699354 -4.157738686 0.610776424 0.048570212 0.790311992 60.627361298
0.786857069 -0.008179151 -0.617081106 -29.879962921 -0.023345882 0.998802006 -0.043007679 -4.221005917 0.616693497 0.048247200 0.785723388 61.476707458
0.781560123 -0.009527313 -0.623757243 -30.590654373 -0.022991840 0.998764157 -0.044063684 -4.287535191 0.623406112 0.048779748 0.780375063 62.350540161
0.776307583 -0.011130096 -0.630255997 -31.269397736 -0.021759864 0.998775005 -0.044440370 -4.350869179 0.629978597 0.048213679 0.775114477 63.170028687
0.770683408 -0.012330706 -0.637098908 -31.983346939 -0.021208467 0.998762429 -0.044985890 -4.416700840 0.636865139 0.048181769 0.769468188 64.018295288
0.765447915 -0.013652431 -0.643352985 -32.730655670 -0.021686291 0.998659730 -0.046994206 -4.468605518 0.643132269 0.049923558 0.764125943 64.870941162
0.759172797 -0.015398277 -0.650706947 -33.468475342 -0.021137228 0.998609662 -0.048291605 -4.532219887 0.650545716 0.050415818 0.757791758 65.724853516
0.753522694 -0.016523184 -0.657214224 -34.245025635 -0.020116366 0.998636484 -0.048171192 -4.608439922 0.657114089 0.049518850 0.752162874 66.575897217
0.747312665 -0.016572576 -0.664265871 -35.008117676 -0.019239509 0.998730063 -0.046561874 -4.676971912 0.664193988 0.047576435 0.746044815 67.421447754
0.741182089 -0.017302204 -0.671080947 -35.788398743 -0.017538602 0.998827457 -0.045123052 -4.745646000 0.671074748 0.045214217 0.740009606 68.252799988
0.734649897 -0.018996950 -0.678180277 -36.548835754 -0.016406413 0.998818159 -0.045751065 -4.815678120 0.678247809 0.044737522 0.733470023 69.067649841
0.728036880 -0.020868307 -0.685220242 -37.337406158 -0.016195130 0.998734057 -0.047623429 -4.881556988 0.685346603 0.045768846 0.726777315 69.913558960
0.722295523 -0.020523308 -0.691280007 -38.150444031 -0.017519189 0.998695791 -0.047955353 -4.942729950 0.691362679 0.046748597 0.720993996 70.731857300
0.716848075 -0.019759750 -0.696949363 -38.987186432 -0.017445320 0.998777092 -0.046260498 -5.022798061 0.697011113 0.045320246 0.715626717 71.562927246
0.711878657 -0.019412436 -0.702034175 -39.805545807 -0.018505510 0.998752356 -0.046382207 -5.088089466 0.702058613 0.046010002 0.710631251 72.378204346
0.706785321 -0.021064609 -0.707114398 -40.660278320 -0.017520305 0.998728752 -0.047263809 -5.153665543 0.707211137 0.045794230 0.705517769 73.221557617
0.702002287 -0.023102362 -0.711799860 -41.505317688 -0.018461652 0.998547554 -0.050616644 -5.215228558 0.711935401 0.048674006 0.700556099 74.022445679
0.696925342 -0.025482263 -0.716690719 -42.359222412 -0.017620040 0.998458385 -0.052634753 -5.290771961 0.716927052 0.049310613 0.695402026 74.831169128
0.692184389 -0.026102936 -0.721248507 -43.222431183 -0.017810529 0.998423576 -0.053227089 -5.365617275 0.721500933 0.049688771 0.690628290 75.632682800
0.687251508 -0.025088904 -0.725986123 -44.088031769 -0.018116735 0.998500705 -0.051656682 -5.445245743 0.726193607 0.048653632 0.685766399 76.436683655
0.682136238 -0.025588574 -0.730777323 -44.964519501 -0.017045461 0.998559535 -0.050876021 -5.517682552 0.731026411 0.047160812 0.680717409 77.243247986
0.677170992 -0.026734579 -0.735339820 -45.870769501 -0.016438641 0.998540699 -0.051441967 -5.595494270 0.735642076 0.046922997 0.675743222 78.053947449
0.672477424 -0.027713597 -0.739598513 -46.759567261 -0.015488843 0.998552859 -0.051500071 -5.670011044 0.739955544 0.046088159 0.671074986 78.845840454
0.668295205 -0.028494932 -0.743350208 -47.662475586 -0.014529477 0.998575628 -0.051340960 -5.747665405 0.743754268 0.045111421 0.666929185 79.629219055
0.663860738 -0.029446395 -0.747276306 -48.572177887 -0.013044689 0.998616636 -0.050939009 -5.826653481 0.747742414 0.043564398 0.662558258 80.434120178
0.660061479 -0.032798130 -0.750495136 -49.483951569 -0.010110620 0.998567998 -0.052531719 -5.900829792 0.751143515 0.042262133 0.658784866 81.216613770
0.655904412 -0.036797937 -0.753946424 -50.402629852 -0.007529846 0.998442352 -0.055281755 -5.982143879 0.754806280 0.041936651 0.654605806 81.996932983
0.651051462 -0.041514624 -0.757897437 -51.350681305 -0.003104914 0.998349249 -0.057352807 -6.054719448 0.759027243 0.039692838 0.649847746 82.806297302
0.643834531 -0.044994142 -0.763840735 -52.289409637 0.001253780 0.998330295 -0.057749975 -6.132781029 0.765163720 0.036223739 0.642815828 83.604804993
0.636330128 -0.048961312 -0.769861460 -53.230644226 0.006488816 0.998288155 -0.058125366 -6.218550682 0.771389484 0.031991437 0.635558605 84.353569031
0.627605796 -0.049849924 -0.776933730 -54.195083618 0.009050777 0.998347640 -0.056745168 -6.301288128 0.778478861 0.028581738 0.627019882 85.114212036
0.618795991 -0.048480883 -0.784054279 -55.170848846 0.009412913 0.998479664 -0.054310661 -6.383786201 0.785495341 0.026226986 0.618311584 85.871101379
0.610157013 -0.048297498 -0.790807009 -56.156524658 0.008801148 0.998491764 -0.054190941 -6.468232155 0.792231619 0.026104972 0.609661877 86.610321045
0.600657105 -0.049842417 -0.797951460 -57.169754028 0.007910893 0.998376489 -0.056406643 -6.541565418 0.799467623 0.027568545 0.600076377 87.354110718
0.590536892 -0.052275717 -0.805315673 -58.185756683 0.008661407 0.998252869 -0.058448508 -6.624389648 0.806964219 0.027540836 0.589957952 88.094810486
0.581419110 -0.053739224 -0.811827421 -59.208560944 0.008900856 0.998176634 -0.059700012 -6.717599392 0.813555539 0.027484769 0.580837250 88.796859741
0.571696103 -0.054282110 -0.818667710 -60.257644653 0.011644603 0.998245299 -0.058057349 -6.807271481 0.820382774 0.023658102 0.571325064 89.521499634
0.561824918 -0.054763984 -0.825441480 -61.304344177 0.013021678 0.998268187 -0.057367172 -6.894786835 0.827153623 0.021481674 0.561565042 90.213417053
0.552261591 -0.055395603 -0.831828296 -62.381385803 0.013244867 0.998246908 -0.057684805 -6.981632710 0.833565593 0.020839652 0.552027166 90.900520325
0.541461110 -0.056433678 -0.838829577 -63.443576813 0.012776337 0.998181701 -0.058907285 -7.073471069 0.840628684 0.021178834 0.541197658 91.588600159
0.532047033 -0.056790277 -0.844808102 -64.527587891 0.011225061 0.998133600 -0.060027856 -7.162299633 0.846640468 0.022454616 0.531691432 92.245033264
0.522158980 -0.057899665 -0.850880504 -65.618782043 0.010290469 0.998047948 -0.061598990 -7.259592056 0.852786064 0.023408510 0.521735489 92.903823853
0.512334049 -0.058190424 -0.856812477 -66.726821899 0.009639637 0.998028517 -0.062017057 -7.348761559 0.858732104 0.023514090 0.511884928 93.563446045
0.504156947 -0.055471484 -0.861828685 -67.848129272 0.008527141 0.998206079 -0.059261147 -7.453004360 0.863569915 0.022527983 0.503725588 94.191528320
0.496342093 -0.054224890 -0.866431892 -68.977966309 0.008768678 0.998309612 -0.057455134 -7.541259766 0.868082702 0.020919941 0.495978594 94.824333191
0.489085853 -0.054144945 -0.870553553 -70.112854004 0.008961381 0.998330593 -0.057057589 -7.639663219 0.872189581 0.020104697 0.488754690 95.439773560
0.481641412 -0.056892768 -0.874519706 -71.250129700 0.010666286 0.998197198 -0.059064273 -7.739771843 0.876303494 0.019119926 0.481379956 96.052192688
0.474780411 -0.060077500 -0.878051400 -72.398551941 0.013944254 0.998055756 -0.060748424 -7.839438915 0.879993916 0.016598385 0.474695057 96.662811279
0.469006717 -0.062766589 -0.880961418 -73.572128296 0.013696219 0.997868419 -0.063804351 -7.934977531 0.883088410 0.017858835 0.468866676 97.271667480
0.463694185 -0.066156730 -0.883521855 -74.733726501 0.015663255 0.997664511 -0.066483088 -8.042443275 0.885856807 0.016989002 0.463647544 97.868179321
0.458968967 -0.067548141 -0.885880768 -75.883941650 0.019174974 0.997626424 -0.066134296 -8.146685600 0.888245344 0.013366853 0.459174812 98.449302673
0.454963297 -0.065285146 -0.888113916 -77.048217773 0.020928482 0.997817516 -0.062628202 -8.248642921 0.890264273 0.009906656 0.455336601 99.034729004
0.451115668 -0.063508689 -0.890202999 -78.208084106 0.024228308 0.997968733 -0.058919061 -8.353620529 0.892136514 0.005011203 0.451738030 99.610557556
0.447554678 -0.062221479 -0.892089248 -79.354461670 0.024416938 0.998054922 -0.057362564 -8.456397057 0.893923104 0.003890794 0.448203385 100.193283081
0.444742024 -0.061985828 -0.893511236 -80.493247986 0.026478792 0.998076260 -0.056060135 -8.552347183 0.895267189 0.001273201 0.445527762 100.748481750
0.442251742 -0.061074123 -0.894809127 -81.669403076 0.027372114 0.998133183 -0.054597951 -8.651296616 0.896473169 -0.000346784 0.443097860 101.317207336
0.440167457 -0.060061168 -0.895904720 -82.814079285 0.029201396 0.998190105 -0.052571397 -8.744184494 0.897440732 -0.003021453 0.441124678 101.867401123
0.437594056 -0.061233960 -0.897085190 -83.951171875 0.031810034 0.998108208 -0.052612882 -8.834263802 0.898609698 -0.005513227 0.438714117 102.418891907
0.435908347 -0.061887395 -0.897860765 -85.089241028 0.033863727 0.998054326 -0.052352779 -8.916702271 0.899353743 -0.007583899 0.437155962 102.948112488
0.433139920 -0.061159562 -0.899249315 -86.222709656 0.037576064 0.998053193 -0.049780179 -9.005052567 0.900543034 -0.012228477 0.434594750 103.499755859
0.431252837 -0.060923100 -0.900171876 -87.335296631 0.039390922 0.998037577 -0.048675258 -9.082291603 0.901370764 -0.014467261 0.432806462 104.020401001
0.429397285 -0.062269900 -0.900966406 -88.443771362 0.041952796 0.997918487 -0.048976149 -9.164486885 0.902140677 -0.016767832 0.431115896 104.541511536
0.427974015 -0.063348964 -0.901568234 -89.541107178 0.042962320 0.997838736 -0.049719263 -9.246973038 0.902769327 -0.017454909 0.429770708 105.056732178
0.426890314 -0.064835519 -0.901976287 -90.604583740 0.043503258 0.997743964 -0.051130116 -9.330623627 0.903256416 -0.017411958 0.428747863 105.563949585
0.427070767 -0.065308429 -0.901856661 -91.676399231 0.042696878 0.997732222 -0.052032374 -9.414796829 0.903209567 -0.016284956 0.428890735 106.061798096
0.429374665 -0.064664312 -0.900808513 -92.737030029 0.040421344 0.997809827 -0.052360512 -9.506098747 0.902221441 -0.013929615 0.431048125 106.554962158
0.434199393 -0.065073371 -0.898463309 -93.794998169 0.038938846 0.997810960 -0.053450927 -9.591075897 0.899974823 -0.011776760 0.435782850 107.036628723
0.438853860 -0.065914005 -0.896137536 -94.821609497 0.037783206 0.997777402 -0.054886885 -9.666065216 0.897763789 -0.009771624 0.440368921 107.531059265
0.444984496 -0.065947376 -0.893106699 -95.869117737 0.037305411 0.997784257 -0.055089630 -9.754576683 0.894760847 -0.008803686 0.446458727 108.026199341
0.451324522 -0.064894654 -0.889997065 -96.882598877 0.036315702 0.997861564 -0.054343693 -9.834195137 0.891620576 -0.007794229 0.452716142 108.536674500
0.459447891 -0.063311130 -0.885945439 -97.885833740 0.034820542 0.997973442 -0.053259045 -9.917086601 0.887521923 -0.006379338 0.460721284 109.037315369
0.468428165 -0.063416392 -0.881222665 -98.885971069 0.034518801 0.997972727 -0.053469177 -9.989583015 0.882826924 -0.005372278 0.469667584 109.550559998
0.477229506 -0.063154042 -0.876506448 -99.888343811 0.034548923 0.997991681 -0.053096507 -10.069154739 0.878099263 -0.004943132 0.478452981 110.089080811
0.486636668 -0.063555777 -0.871289492 -100.871284485 0.033111598 0.997975349 -0.054303173 -10.151171684 0.872976720 -0.002423869 0.487755835 110.627532959
0.496908218 -0.065265283 -0.865345418 -101.834495544 0.031823825 0.997867644 -0.056986023 -10.226488113 0.867219388 0.000778222 0.497925609 111.160171509
0.508179188 -0.065852210 -0.858730137 -102.797447205 0.030200692 0.997821867 -0.058646385 -10.311280251 0.860721767 0.003868625 0.509060979 111.710945129
0.519902647 -0.064725302 -0.851769865 -103.759506226 0.028283827 0.997882903 -0.058564439 -10.387497902 0.853757203 0.006356497 0.520632625 112.295593262
0.532881439 -0.061219972 -0.843972564 -104.690101624 0.025774272 0.998090923 -0.056125626 -10.478590965 0.845797300 0.008155528 0.533442140 112.847824097
0.544908881 -0.058796369 -0.836431324 -105.611137390 0.025186859 0.998236060 -0.053761881 -10.561738968 0.838116884 0.008228255 0.545428634 113.433204651
0.556460142 -0.057916302 -0.828853369 -106.521965027 0.025388382 0.998287022 -0.052710742 -10.645831108 0.830486357 0.008288183 0.556977391 114.036849976
0.567635119 -0.058065753 -0.821229994 -107.418281555 0.025122389 0.998266816 -0.053218663 -10.729923248 0.822897017 0.009577517 0.568110049 114.636192322
0.578984380 -0.059159376 -0.813189507 -108.303184509 0.024938671 0.998182535 -0.054861434 -10.802942276 0.814957142 0.011484047 0.579407513 115.239143372
0.588845372 -0.061014578 -0.805939376 -109.159889221 0.028092997 0.998089015 -0.055035844 -10.890449524 0.807757318 0.009766347 0.589434266 115.871109009
0.599533319 -0.060613628 -0.798051238 -110.011894226 0.028240589 0.998109221 -0.054592799 -10.970529556 0.799851477 0.010192770 0.600111544 116.500595093
0.610105336 -0.057823475 -0.790207446 -110.855941772 0.026905261 0.998270214 -0.052275401 -11.048438072 0.791863263 0.010632767 0.610605776 117.118988037
0.619766355 -0.054578748 -0.782886147 -111.673957825 0.026736408 0.998468041 -0.048442308 -11.124089241 0.784330726 0.009091353 0.620276213 117.757888794
0.629746914 -0.053841677 -0.774932206 -112.489593506 0.026566289 0.998504221 -0.047786247 -11.193343163 0.776345968 0.009506169 0.630235314 118.398712158
0.639503479 -0.053393457 -0.766931891 -113.280403137 0.025236346 0.998505712 -0.048472285 -11.265278816 0.768373847 0.011643639 0.639895260 119.043762207
0.648968756 -0.053420369 -0.758937299 -114.045806885 0.023405777 0.998461545 -0.050265759 -11.326362610 0.760455012 0.014857390 0.649220645 119.691421509
0.658374548 -0.051685300 -0.750913858 -114.838569641 0.022099178 0.998536885 -0.049353387 -11.403638840 0.752366006 0.015898433 0.658553421 120.344261169
0.666825891 -0.049701098 -0.743554294 -115.580535889 0.021828197 0.998648047 -0.047176514 -11.472641945 0.744893789 0.015228071 0.667009294 121.012367249
0.675929606 -0.047708888 -0.735420406 -116.327056885 0.021666247 0.998757482 -0.044878762 -11.540498734 0.736647725 0.014401086 0.676123321 121.663314819
0.683757126 -0.047646213 -0.728152454 -117.038757324 0.022527242 0.998768687 -0.044200059 -11.601982117 0.729361832 0.013818838 0.683988512 122.326118469
0.691401064 -0.046869468 -0.720949173 -117.745193481 0.021658499 0.998789608 -0.044161256 -11.665109634 0.722146451 0.014918458 0.691579282 122.990051270
0.698462725 -0.045687158 -0.714186609 -118.442237854 0.020783683 0.998834133 -0.043570217 -11.725466728 0.715344548 0.015588743 0.698597908 123.662895203
0.705589473 -0.043265779 -0.707298815 -119.117309570 0.019990943 0.998952389 -0.041163713 -11.779560089 0.708338857 0.014905113 0.705715179 124.319908142
0.712806463 -0.040611874 -0.700184047 -119.788421631 0.018952252 0.999072909 -0.038654029 -11.835045815 0.701104760 0.014282780 0.712915242 124.994636536
0.719912767 -0.038904924 -0.692973256 -120.442283630 0.017970094 0.999137878 -0.037424929 -11.893980026 0.693831980 0.014489887 0.719991267 125.665138245
0.727391481 -0.037793055 -0.685181201 -121.083786011 0.017413870 0.999177277 -0.036625735 -11.952008247 0.686001599 0.014709597 0.727451384 126.316642761
0.735164940 -0.035120416 -0.676977932 -121.712074280 0.014966309 0.999254525 -0.035586882 -11.998032570 0.677722991 0.016030369 0.735142529 126.983245850
0.744094491 -0.032122534 -0.667301714 -122.322044373 0.013983659 0.999373376 -0.032514893 -12.053187370 0.667928040 0.014862832 0.744077444 127.642784119
0.753261685 -0.028500799 -0.657103121 -122.912582397 0.012408224 0.999498606 -0.029127644 -12.101454735 0.657603860 0.013787260 0.753237724 128.306701660
0.763110995 -0.026075121 -0.645741105 -123.492553711 0.010188722 0.999546945 -0.028321223 -12.144410133 0.646187127 0.015032960 0.763031065 128.976074219
0.772755325 -0.025204940 -0.634203494 -124.052024841 0.008748109 0.999539256 -0.029065086 -12.188618660 0.634643793 0.016912116 0.772619784 129.643615723
0.782354832 -0.026342778 -0.622275651 -124.596626282 0.008986778 0.999478579 -0.031012286 -12.230832100 0.622768164 0.018670358 0.782183647 130.321075439
0.792161763 -0.025452312 -0.609780252 -125.133270264 0.008706523 0.999499559 -0.030408656 -12.271574020 0.610249102 0.018779509 0.791987002 131.006881714
0.802077115 -0.023906052 -0.596741796 -125.654777527 0.008314059 0.999548674 -0.028868005 -12.309534073 0.597162485 0.018193020 0.801913917 131.698562622
0.811915934 -0.021484453 -0.583378911 -126.167221069 0.007842953 0.999633729 -0.025898719 -12.353263855 0.583721697 0.016452165 0.811787069 132.393341064
0.821349323 -0.020138193 -0.570069969 -126.663383484 0.008237505 0.999691129 -0.023446431 -12.392624855 0.570366085 0.014561753 0.821261525 133.094955444
0.830263317 -0.019011321 -0.557047129 -127.145912170 0.009143550 0.999748230 -0.020491943 -12.427233696 0.557296455 0.011920318 0.830227971 133.804809570
0.838247180 -0.017831847 -0.544998825 -127.621696472 0.009187964 0.999785066 -0.018580280 -12.458537102 0.545213044 0.010567435 0.838230908 134.528930664
0.845292151 -0.018232105 -0.533993363 -128.088531494 0.010814068 0.999796689 -0.017017728 -12.489462852 0.534194946 0.008610312 0.845317364 135.259277344
0.851565897 -0.018003019 -0.523938358 -128.536300659 0.010784079 0.999800265 -0.016826537 -12.512369156 0.524136603 0.008678714 0.851589978 135.982803345
0.858150125 -0.017327303 -0.513106346 -128.982879639 0.010213632 0.999808669 -0.016681062 -12.546036720 0.513297141 0.009074177 0.858162940 136.726135254
0.864713252 -0.015434248 -0.502028525 -129.426010132 0.008678968 0.999837756 -0.015789784 -12.573492050 0.502190769 0.009296547 0.864706874 137.469299316
0.870764017 -0.014085901 -0.491499305 -129.854934692 0.007624851 0.999856174 -0.015146372 -12.605036736 0.491642028 0.009441305 0.870746255 138.225280762
0.876560271 -0.014577096 -0.481071323 -130.280364990 0.008323004 0.999850869 -0.015131457 -12.635991096 0.481220156 0.009259676 0.876550853 138.991210938
0.881383717 -0.015681583 -0.472140789 -130.691894531 0.009284055 0.999830842 -0.015876871 -12.666518211 0.472309917 0.009610236 0.881380141 139.758819580
0.885706425 -0.016429964 -0.463954866 -131.109985352 0.009835590 0.999813318 -0.016629746 -12.685416222 0.464141518 0.010165803 0.885702670 140.545425415
0.889077902 -0.015880827 -0.457480282 -131.529205322 0.009621140 0.999825656 -0.016009681 -12.707174301 0.457654744 0.009832373 0.889075637 141.343292236
0.892290056 -0.013904192 -0.451248407 -131.939041138 0.009190991 0.999877870 -0.012634871 -12.732930183 0.451369017 0.007126548 0.892308950 142.137741089
0.895327210 -0.010015830 -0.445296258 -132.352066040 0.006959688 0.999939680 -0.008497774 -12.752504349 0.445354491 0.004509165 0.895342886 142.951156616
0.898524463 -0.007151089 -0.438865155 -132.765457153 0.005147330 0.999970138 -0.005755466 -12.771384239 0.438893229 0.002912443 0.898534536 143.775543213
0.901691020 -0.004689109 -0.432355613 -133.169906616 0.003493538 0.999987543 -0.003559474 -12.787044525 0.432366908 0.001699095 0.901696146 144.604553223
0.904881179 -0.003187821 -0.425652266 -133.583557129 0.002836898 0.999994934 -0.001458349 -12.798263550 0.425654739 0.000112101 0.904885650 145.458831787
0.908203840 -0.001662159 -0.418524832 -133.996276855 0.002421064 0.999996245 0.001282282 -12.807857513 0.418521136 -0.002177849 0.908204436 146.323623657
0.911584318 -0.002062616 -0.411107808 -134.401535034 0.003694293 0.999988139 0.003174516 -12.819289207 0.411096364 -0.004412592 0.911581218 147.205413818
0.914954841 -0.002157120 -0.403550476 -134.803222656 0.004248543 0.999981880 0.004287305 -12.829360008 0.403533876 -0.005637192 0.914947331 148.107467651
0.918619156 -0.002561251 -0.395135969 -135.202285767 0.004668386 0.999979496 0.004371330 -12.837765694 0.395116717 -0.005860235 0.918612242 149.011459351
0.922146738 -0.005257005 -0.386804491 -135.598007202 0.007322613 0.999965727 0.003866811 -12.852747917 0.386770844 -0.006398186 0.922153652 149.953964233
0.925981939 -0.006652066 -0.377509236 -135.992675781 0.008336516 0.999961257 0.002828159 -12.863603592 0.377475798 -0.005765936 0.926001489 150.910659790
0.930644453 -0.007540239 -0.365846992 -136.388748169 0.008351364 0.999964893 0.000634633 -12.872014999 0.365829378 -0.003645940 0.930674791 151.862945557
0.935689449 -0.005870238 -0.352775782 -136.772735596 0.006224726 0.999980628 -0.000129582 -12.880817413 0.352769792 -0.002074684 0.935707867 152.848480225
0.941628695 -0.002531247 -0.336643785 -137.142288208 0.003051125 0.999994814 0.001015296 -12.889103889 0.336639524 -0.001983174 0.941631496 153.844985962
0.947876871 0.000775494 -0.318635583 -137.493301392 0.000482429 0.999992311 0.003868909 -12.899884224 0.318636239 -0.003820969 0.947869301 154.860198975
0.954315007 0.003860583 -0.298777848 -137.843246460 -0.002358167 0.999982715 0.005388896 -12.906494141 0.298793554 -0.004438135 0.954307377 155.905456543
0.960587502 0.005303824 -0.277927130 -138.161071777 -0.003694682 0.999973238 0.006313225 -12.914273262 0.277953178 -0.005037553 0.960581422 156.958129883
0.966501474 0.006777796 -0.256571472 -138.464630127 -0.004926103 0.999956965 0.007859089 -12.918536186 0.256613702 -0.006331925 0.966493309 158.030242920
0.971984267 0.007414384 -0.234928593 -138.750015259 -0.005128809 0.999933422 0.010338330 -12.916786194 0.234989598 -0.008843790 0.971957564 159.126174927
0.976902604 0.009770165 -0.213461563 -139.005050659 -0.006994692 0.999880970 0.013753627 -12.920071602 0.213570550 -0.011942858 0.976854563 160.223129272
0.981414080 0.011797524 -0.191539004 -139.232543945 -0.008490703 0.999800622 0.018076098 -12.921787262 0.191714078 -0.016113836 0.981318474 161.336502075
0.985495210 0.014324713 -0.169097677 -139.453460693 -0.010885504 0.999714971 0.021248182 -12.913596153 0.169353858 -0.019099269 0.985370219 162.495727539
0.988976359 0.016124349 -0.147193015 -139.644393921 -0.013129499 0.999687016 0.021295452 -12.906740189 0.147490337 -0.019128127 0.988878429 163.657699585
0.991931856 0.015365371 -0.125838697 -139.807205200 -0.013059898 0.999731719 0.019125462 -12.893573761 0.126098841 -0.017327715 0.991866350 164.835937500
0.994322896 0.015803162 -0.105224937 -139.942016602 -0.013948915 0.999734521 0.018334487 -12.887814522 0.105486758 -0.016762627 0.994279444 166.015472412
0.996252716 0.014498892 -0.085267834 -140.054153442 -0.012800357 0.999709189 0.020433113 -12.880816460 0.085539311 -0.019265089 0.996148527 167.229675293
0.997731805 0.014830474 -0.065660685 -140.143371582 -0.013428610 0.999673486 0.021740213 -12.869694710 0.065961681 -0.020809170 0.997605145 168.442306519
0.998848557 0.015370799 -0.045443617 -140.217041016 -0.014345496 0.999637067 0.022802811 -12.857253075 0.045777615 -0.022124646 0.998706639 169.680648804
0.999532044 0.017064586 -0.025386682 -140.265640259 -0.016473940 0.999592841 0.023296006 -12.845009804 0.025773883 -0.022866886 0.999406219 170.925674438
0.999839365 0.017177805 -0.005114447 -140.288787842 -0.017049881 0.999564409 0.024085680 -12.833694458 0.005525959 -0.023994615 0.999696732 172.189788818
0.999690771 0.019391278 0.015568394 -140.293930054 -0.019753551 0.999529660 0.023463540 -12.822214127 -0.015106079 -0.023763815 0.999603450 173.462203979
0.999168575 0.020477386 0.035254546 -140.270690918 -0.021277450 0.999521077 0.022470303 -12.808943748 -0.034777530 -0.023201751 0.999125719 174.756622314
0.998304963 0.020445526 0.054489926 -140.215164185 -0.021566678 0.999566019 0.020067366 -12.798442841 -0.054055996 -0.021208519 0.998312652 176.060287476
0.997047722 0.022972090 0.073266350 -140.138427734 -0.024324924 0.999548733 0.017625906 -12.797026634 -0.072828382 -0.019356072 0.997156560 177.365356445
0.995485723 0.023081066 0.092062362 -140.039031982 -0.024636611 0.999571681 0.015795968 -12.788113594 -0.091658346 -0.017992767 0.995627940 178.683425903
0.993554354 0.023337789 0.110928513 -139.910400391 -0.024927780 0.999605119 0.012968120 -12.789122581 -0.110582061 -0.015649730 0.993743777 180.021835327
0.991316617 0.024524139 0.129189387 -139.752624512 -0.025745973 0.999638140 0.007795855 -12.794587135 -0.128951445 -0.011054269 0.991589308 181.351455688
0.988671303 0.026318941 0.147771344 -139.586486816 -0.026815407 0.999639392 0.001368113 -12.804672241 -0.147682056 -0.005315162 0.989020526 182.698867798
0.985854089 0.028574046 0.165153041 -139.385223389 -0.028351143 0.999591172 -0.003707326 -12.823457718 -0.165191472 -0.001027396 0.986261010 184.051757812
0.982738972 0.030782009 0.182418257 -139.156921387 -0.029842766 0.999523461 -0.007892217 -12.845103264 -0.182574287 0.002312124 0.983189344 185.425765991
0.979268909 0.032804266 0.199890271 -138.901428223 -0.031251397 0.999451816 -0.010919792 -12.872208595 -0.200138912 0.004446563 0.979757428 186.771911621
0.975632846 0.031895190 0.217078984 -138.614822388 -0.030374557 0.999485135 -0.010338881 -12.906906128 -0.217296973 0.003493274 0.976099312 188.165283203
0.971753538 0.031412210 0.233898103 -138.307189941 -0.029607544 0.999498606 -0.011223777 -12.939564705 -0.234133378 0.003981597 0.972196341 189.538558960
0.967589438 0.031450815 0.250562340 -137.972076416 -0.028347993 0.999470234 -0.015983811 -12.983618736 -0.250932395 0.008362828 0.967968524 190.918197632
0.963207722 0.032292765 0.266810864 -137.613571167 -0.027844692 0.999403298 -0.020438729 -13.021879196 -0.267311662 0.012257476 0.963532150 192.288208008
0.958332777 0.034848936 0.283520132 -137.225189209 -0.030294631 0.999332070 -0.020433581 -13.066527367 -0.284042835 0.010993035 0.958748579 193.701080322
0.952980161 0.036890708 0.300778866 -136.808929443 -0.031967327 0.999262452 -0.021275636 -13.114355087 -0.301341891 0.010660160 0.953456581 195.096496582
0.947223246 0.040916454 0.317952842 -136.375015259 -0.035048641 0.999093771 -0.024156025 -13.164784431 -0.318652958 0.011737337 0.947798789 196.495193481
0.941169322 0.041858792 0.335332900 -135.909271240 -0.034460839 0.999014199 -0.027984252 -13.221970558 -0.336173743 0.014782066 0.941683888 197.896621704
0.934769571 0.043248110 0.352612376 -135.417724609 -0.034724522 0.998932481 -0.030465512 -13.280683517 -0.353553534 0.016233932 0.935273409 199.294769287
0.928332388 0.043421160 0.369206697 -134.883819580 -0.032689091 0.998842716 -0.035277180 -13.355414391 -0.370311201 0.020679923 0.928677440 200.678634644
0.920441866 0.046875685 0.388058633 -134.336837769 -0.033365086 0.998581886 -0.041484948 -13.426126480 -0.389452875 0.025236867 0.920700550 202.090881348
0.910990536 0.050388005 0.409337610 -133.751327515 -0.035017226 0.998374581 -0.044964720 -13.508720398 -0.410937995 0.026628558 0.911274314 203.485290527
0.900038362 0.053340591 0.432533950 -133.140228271 -0.036885504 0.998244107 -0.046351381 -13.597609520 -0.434246778 0.025763795 0.900425434 204.838714600
