1.000000000 0.000000000 0.000000000 0.000000000 0.000000000 1.000000000 0.000000000 0.000000000 0.000000000 0.000000000 1.000000000 0.000000000
0.9990746222689635 0.00019470285159503217 -0.04301001312401449 0.05380982142229832 -7.8354584145641e-05 0.9999963335064818 0.0027068125447233557 0.023243280338808917 0.043010378197618736 -0.0027009369404049203 0.9990708745163939 -0.9982805485922248
0.9961476262600603 0.006839728902041845 -0.08742496671428647 0.12056286986647419 -0.006100046663615293 0.9999433291561249 0.008725130765023181 0.018140726384308664 0.08747968109218389 -0.008158220629276987 0.996132796785742 -1.9960369293594056
0.991208983574413 0.008956420815734582 -0.1320020204676827 0.2269263922502414 -0.007148048007622524 0.999874091644161 0.014167083978157904 0.00468762282771943 0.13211227350763655 -0.013098982342068221 0.9911481038927815 -2.9902731273589387
0.9838083248651404 0.006975649400314085 -0.17908802372434074 0.4221847027779032 -0.0039055953239356678 0.9998394177890194 0.017489567189612264 -0.00345533360401494 0.17918124858819606 -0.016506934321982823 0.9836774884451078 -3.97099107460913
0.9748716033131541 0.010938871901606721 -0.22249875985083556 0.6023535015485257 -0.007024265705385723 0.9998064426751999 0.018377618900768587 -0.022419627953129365 0.22265670178145286 -0.01635292628037627 0.9747596498388122 -4.9544438523543155
0.9637011132358648 0.012775839171252922 -0.2666775998868754 0.8608701583543967 -0.007758556799194012 0.9997726825475551 0.019859205121514734 -0.02172804121941204 0.2668706707790112 -0.01706930259189802 0.9635810728667292 -5.920450308442527
0.9507932311498947 0.017291804229240055 -0.30934321571038376 1.1465013519581193 -0.010986988633941935 0.9996951276666028 0.022111937961426565 -0.009607557604341165 0.3096312299006111 -0.017625128304687827 0.9506932503823136 -6.878713180220106
0.936000584931433 0.020865559054230754 -0.3513794721570551 1.4759512368020866 -0.012838657035298172 0.9996010252618233 0.025158680033705652 -0.058946103060089676 0.35176419540911313 -0.019037296312399088 0.9358949365058578 -7.821596154675547
0.9192216024518218 0.02512076631131221 -0.39293840825991866 1.899831655678927 -0.015166063975310137 0.9994810524130745 0.0284185919909099 -0.11034499297471859 0.39344835132012473 -0.020163652135522188 0.9191254658511231 -8.725854624959155
0.9005451900942161 0.025847721385681085 -0.433993382319755 2.3397041518248276 -0.015264953213107887 0.9994954760529313 0.027852729724797277 -0.12335645943479595 0.4344943084484324 -0.01845775078354071 0.9004853176826048 -9.623820508264625
0.8795161186993681 0.027642327878685667 -0.47506557300802876 2.7801068821240826 -0.01612439796724403 0.9994693186820346 0.028303441547994187 -0.13011747459155534 0.4755957900686211 -0.017233184493583797 0.8794950038637084 -10.521595292154203
0.8564404216388924 0.028378017125972127 -0.5154653163181729 3.2487906885777402 -0.015997069154089768 0.9994673485595703 0.02844491064812006 -0.134696423659512 0.5159979115688693 -0.016115434866197927 0.8564381168628874 -11.404949335953123
0.8296905906619615 0.030792108873116893 -0.5573736357221715 3.886699111704405 -0.01590937956160097 0.9993762346506793 0.03152829296668719 -0.18807083075447178 0.5579967322225172 -0.017291257077027312 0.8296628587912677 -12.173209642306974
0.8027459254525499 0.03311250318689185 -0.5954011599770592 4.486102343155203 -0.01623531921222639 0.9993005992590343 0.03368570513749262 -0.23991570212967828 0.5961000944028915 -0.017374532436428215 0.8027219961328392 -12.971976033579669
0.776188517856647 0.03693623840818972 -0.6294180638016003 4.990303024970147 -0.017698110376497104 0.9991655833119767 0.03680915665885943 -0.2905965857273718 0.6302523956537851 -0.01743133216154535 0.7761944771974028 -13.83407403952384
0.7453268338403696 0.04095671137480821 -0.6654400488029338 5.670903709924343 -0.020518664922889503 0.9990476156061409 0.038507741318658556 -0.3396973787302992 0.6663833779188127 -0.015046909543106644 0.74545729867426 -14.565081367037617
0.7137267409731168 0.04195872084411795 -0.6991663642975245 6.346180751875072 -0.018911866803397237 0.9989945982976509 0.04064644961277015 -0.3596595817204789 0.7001688242845183 -0.015787914800504003 0.7138026052392201 -15.3023752828628
0.6800235265918454 0.04558411019689076 -0.7317718853434775 7.067763396614043 -0.01872335334902817 0.9988196072171974 0.04481995401435043 -0.3998372537757528 0.7329511115417398 -0.01677739745258312 0.680074251111198 -15.993536729934316
0.6453513191727088 0.05107476192814772 -0.7621765173081808 7.812081535947625 -0.021912013788919094 0.9985894073131846 0.048363821743268934 -0.46164410645767995 0.7635714910306687 -0.014510831874147225 0.6455600776407507 -16.658495624888033
0.610038275406188 0.05248778039800643 -0.7906316053942786 8.56953294003625 -0.021707362052599904 0.998536171912056 0.04954093071321619 -0.46610087983658455 0.7920744709456233 -0.013059335639637137 0.6102845944548104 -17.311371893657512
0.5733943432258538 0.056432782575095417 -0.8173336333514138 9.360673555272445 -0.021057420350327757 0.9983104482461688 0.05415564578804206 -0.5435404245134738 0.8190087777774144 -0.013841601200214883 0.57361383525833 -17.918083991956266
0.5336096711671812 0.06152999622476783 -0.8434896433279027 10.20435655969064 -0.02101517938414494 0.9980066596055244 0.05950688715158678 -0.5902686304410101 0.8454696553591254 -0.01402736243881852 0.5338390159682433 -18.452888073470316
0.49451470118149354 0.06435595284416037 -0.8667834341107921 11.104809984417724 -0.01969253377132461 0.9978286379752848 0.0628507227488282 -0.6790685429991243 0.8689460647467341 -0.014011442448953878 0.49470821303236384 -18.878679300675508
0.4572938422298284 0.06859711897558189 -0.8866661023896933 11.983456941679966 -0.022042644778583184 0.9975886573194993 0.06581027730256318 -0.7878422670939951 0.8890423531020798 -0.010550167098185435 0.45770316621684803 -19.343596237576815
0.41875962870915123 0.0727761424242487 -0.9051762295029729 12.909946836316943 -0.023415200080465493 0.9973174320174463 0.06935177142160333 -0.9127082458917467 0.9077950963542597 -0.007846838263679979 0.4193403035297637 -19.698596149234657
0.3841758650153742 0.07640645976911026 -0.9200929070725631 13.832987887774697 -0.02140577670946653 0.9970389772374321 0.07385844970479649 -1.005081685305181 0.9230116614034852 -0.00867932913473137 0.3846738126763499 -20.07204271451551
0.3479099551019548 0.07775060312827155 -0.9342984035382623 14.81863852506811 -0.01989201685030242 0.9969430908733713 0.07555647705836882 -1.1272402670706538 0.9373168061580123 -0.007701769703840407 0.34839300744587687 -20.188533484058404
0.314952671929619 0.07934282846363809 -0.9457851394559883 15.771834478909753 -0.02158578286232267 0.9968406738864427 0.07643771885554132 -1.257765052596211 0.9488617857005406 -0.0036587502885210674 0.3156702792210853 -20.461261808719865
0.28269003072403903 0.0798505773063419 -0.9558819131216396 16.728579140870835 -0.020041534692254677 0.9968031703404637 0.07734194519389048 -1.3220485170819019 0.9590018245478619 -0.0027064555882874105 0.2833866186185056 -20.744999842637068
0.25123866547842955 0.08186977605794081 -0.9644565686109666 17.69986897910435 -0.014550174304375624 0.9966233149920587 0.08081002686515773 -1.4120747570340784 0.967815704600766 -0.006269591016962936 0.25158150599082724 -20.965207282479636
0.22108339711207436 0.08411963615606152 -0.9716203056412296 18.662134914972285 -0.012731819145445935 0.9964372258836156 0.08337119199464493 -1.5254222620078606 0.975171698788843 -0.0060614912511600515 0.22136670075940432 -21.2125867471606
0.1919181559592142 0.08672244612302808 -0.9775718074656475 19.639504708053114 -0.013725382634853752 0.9962279143413383 0.08568288369697918 -1.6485207936422084 0.9813148540063418 -0.003026553142521143 0.19238450374860522 -21.38461881732156
0.1620150993085422 0.08718209448566991 -0.9829294939094742 20.62083986805167 -0.012398975518642755 0.9961907715741531 0.08631461079433642 -1.7509439633848196 0.9867102808250071 -0.0017969508476842631 0.16247889918969768 -21.547378740981447
0.13135603369628307 0.08642339076259474 -0.9875609297358197 21.61290675260694 -0.008137242507433622 0.99625311981024 0.08610172212409894 -1.8353661828160786 0.9913017609005096 -0.0032739571284156033 0.13156709330330071 -21.640524775227465
0.10263303909278484 0.0871286576137523 -0.9908960875434943 22.590924328956362 -0.004985505463764439 0.9961890491165514 0.0870776846013284 -1.964902565074326 0.994706693522405 -0.003996928668928473 0.1026762797482901 -21.803932059898194
0.07552407890025446 0.08813775981344839 -0.9932410829206246 23.570365602989153 -0.004450224618678516 0.9961057987534991 0.08805358136097191 -2.0764311224316634 0.9971339479501282 -0.0022300190029451027 0.07562219820030659 -21.972027764668553
0.05145085628558991 0.0899935607090951 -0.9946124714773982 24.549829545242748 -0.006397883280181293 0.9959408202562955 0.08978279142879876 -2.1753952463800936 0.9986549339052517 0.0017440133091216482 0.051817771124239465 -22.14768789623512
0.02969611491643476 0.0911205271046349 -0.9953970013512417 25.540131155906796 -0.010766719899340723 0.9958075791215778 0.090836903880682 -2.2393946458828378 0.9995008847887515 0.008019657244641343 0.03055268243853941 -22.271003725438092
0.009573576115073975 0.09140322899227879 -0.995767943031987 26.534121675685086 -0.013777600282381525 0.9957311092365296 0.09126738644798252 -2.3465818779359506 0.9998591522883786 0.012845536618251573 0.01079202363612479 -22.29322407136921
-0.0069685898902817674 0.08958341578135975 -0.9959549439467057 27.533400941960817 -0.017475933484519868 0.9958161078797939 0.08969320507140498 -2.3802130348856267 0.9998228995963345 0.018030276193692723 -0.005373879712483833 -22.310827855320394
-0.022933180040444014 0.08793508933572017 -0.9958621838973264 28.532391765844523 -0.01955601125155343 0.9958941103765554 0.08838825341195707 -2.42456094707547 0.9995456126850938 0.021502114132639985 -0.021119357230143902 -22.317940974782026
-0.038310759978517794 0.08890107731760001 -0.9953034130965489 29.524981515019487 -0.019609307710442562 0.9957759437414385 0.08969807643959142 -2.5422189798420285 0.9990733511955752 0.022953610554905007 -0.03640564095498459 -22.287573607938445
-0.051950951171072894 0.08937948111271528 -0.9946418486211223 30.514210656146307 -0.016060023032209488 0.9957832170960045 0.09032087361254948 -2.6851891827609395 0.9985203928332433 0.020666224706422053 -0.050296443736477056 -22.318961937331142
-0.0634172602201113 0.08876593440287142 -0.9940316192132725 31.512108276459315 -0.015894202355257563 0.9958203788574683 0.0899396874780847 -2.7404337038695563 0.9978604242435493 0.021503066598511558 -0.061741330203932146 -22.28507415146661
-0.07561163863005216 0.09238847322110175 -0.9928480498644052 32.50206226064033 -0.012894502341690033 0.9955245429216527 0.09361952921260468 -2.867999908348928 0.9970538666844638 0.019881006007989668 -0.07408193119566026 -22.22409897677328
-0.08525322888934948 0.09506161204399084 -0.9918140838279814 33.49960727697031 -0.012900225999906735 0.9952494083254984 0.09649973780737463 -2.9372818701642633 0.996275701098768 0.021021538444796782 -0.08362190096847218 -22.21390338266536
-0.10776845035555419 0.09225420272707341 -0.9898864193366604 34.36032838012609 -0.020296058241289265 0.9952736052000277 0.09496589288792366 -2.861829077010532 0.9939687286347773 0.030325116980275315 -0.10538668690259764 -21.710449305342102
-0.11530152007183693 0.09256801434528113 -0.9890079484965206 35.349549214707125 -0.018361998606736964 0.99527964030557 0.09529572183669338 -2.9439463607015735 0.9931607116547588 0.029147901722191703 -0.11305751036802318 -21.589210329723986
-0.12154776502497783 0.09215329908385493 -0.9882984925038564 36.320075461506335 -0.02254833041003248 0.995167589043611 0.09556695303734637 -2.9738614167251853 0.9923293387968931 0.03390042759505858 -0.11888248134944567 -21.35007881303522
-0.124567550231556 0.09273836152574774 -0.9878676640779519 37.31759193549578 -0.025210626194967545 0.9950051744870195 0.09658740637841721 -3.039092400577736 0.9918906960705844 0.03693641579170313 -0.12160735272623151 -21.323511865100084
-0.1298110042103744 0.0958721085164116 -0.986892923267014 38.3009775134197 -0.01939464171008773 0.9948785932299997 0.09919895465996593 -3.1799366227902013 0.991348956964178 0.03201754785274546 -0.12728677132970853 -21.20898803540736
-0.13487425044765106 0.09639730776674846 -0.9861625097424398 39.28524297533927 -0.012805385734166405 0.9950037536408757 0.09901288975059223 -3.3064400744336417 0.9907798758093969 0.025982478505914917 -0.13296596745714345 -21.085625260865218
-0.13635376155603188 0.0956980303733328 -0.9860271490644595 40.2752279669921 -0.01542888519098938 0.9949973967123429 0.09870222914108397 -3.397647943334266 0.990539956261358 0.02867171750883098 -0.13419511043570082 -20.97787165940402
-0.13848708127564888 0.09435514971992483 -0.985859236423275 41.26361362310133 -0.014635073155591235 0.9951474932915823 0.09729995492910468 -3.515350910467284 0.9902560006409977 0.02790290650280888 -0.13643416362187705 -20.88174775773819
-0.14185011338503942 0.09253287802047634 -0.9855537589689868 42.24808162035537 -0.014692340437677089 0.9953148533511333 0.0955639986138655 -3.597287815591754 0.9897790079132209 0.028035853062265102 -0.13982598627365686 -20.726476700748986
-0.14446166233524918 0.09091916651804827 -0.985324582701051 43.230069102016294 -0.01842433934650306 0.9953500349001986 0.09454550091788641 -3.670994181802951 0.9893387569715779 0.03181215200632017 -0.14211478085923804 -20.55249983047997
-0.14514291549501396 0.09134875392851814 -0.9851847234084149 44.222070935795685 -0.015494516727544028 0.9953968299981765 0.09457838432198526 -3.770888584998009 0.9892892692566486 0.02899234120116465 -0.14305937887929898 -20.47534110580087
-0.14694671336173065 0.09139689856728674 -0.9849128237384601 45.20295662479189 -0.016128397165346545 0.9953682076445529 0.09477344572897543 -3.86895234820159 0.9890128121410044 0.0298117090576791 -0.14479198673963747 -20.307273387854988
-0.14665579127851783 0.09027163410571148 -0.9850599529776635 46.18853383759489 -0.015970875421996905 0.9954813642133294 0.09360440503640302 -3.9479887474348 0.9890585495039219 0.029459895414500014 -0.14455137569519697 -20.157637828173662
-0.14511509429626532 0.09179061530289483 -0.985147751532582 47.17439843178127 -0.014821613528504252 0.9953739204538794 0.09492669936683366 -4.036140523214221 0.9893036608686459 0.028376773814400968 -0.14308328099324089 -20.015158839215594
-0.14097535673973766 0.09238860053314207 -0.9856927996509011 48.16528366938633 -0.017721830379152568 0.9952410846431698 0.09581816198557874 -4.136034586385537 0.9898543779405452 0.030976277552301198 -0.13866715797530585 -19.9247839510991
-0.13928680966567977 0.09093073972456217 -0.9860683471374085 49.15285864160831 -0.018227858750621388 0.9953709372410868 0.0943633533802346 -4.19622612619267 0.9900842053760545 0.031117482360514204 -0.13698455590474073 -19.779619738688794
-0.13898182884109989 0.09206115898548801 -0.9860064879392184 50.138288314188465 -0.01264122927808807 0.9954234763026012 0.09472223681891662 -4.314101371885401 0.9902141457506836 0.025629001706407344 -0.1371819952719212 -19.65700740718048
-0.13894665928810576 0.09243518292890046 -0.9859764514579321 51.125182300292366 -0.012072946010032084 0.9954021331572076 0.09502019406797037 -4.413517273102306 0.9902261730097436 0.025106376966208547 -0.13719182235875602 -19.529898259036575
-0.1362163888056814 0.09240440045960747 -0.9863602395658699 52.116033204232885 -0.016452029142973248 0.9952921987545154 0.09551319194476025 -4.501485341172567 0.9905423917707253 0.02923808705354305 -0.13405485582622065 -19.42754542291223
-0.13520699748612164 0.09301030137368277 -0.9864421684362268 53.10610050704846 -0.01807736603192615 0.9951869617665832 0.09631261582544932 -4.602083188899617 0.9906523509083158 0.03085441314900313 -0.13287484648746034 -19.329327262703412
-0.1342478139389875 0.09197479509830647 -0.986670239502149 54.09138108100596 -0.01854421786170053 0.9952758387934303 0.09530014007296427 -4.7106317003133125 0.9907741619965216 0.0310908607232693 -0.13190799179573917 -19.19726891287846
-0.13151301547758495 0.09004689791287404 -0.9872162290685166 55.08008699348511 -0.021767420662663375 0.9953634516750832 0.0936897991627388 -4.809582205455468 0.9910753299719058 0.03381057604991507 -0.1289431474265278 -19.084710423091277
-0.13139939133319428 0.08946475554859007 -0.9872842840195006 56.066156922512974 -0.023954300387316278 0.9953420508583932 0.09338304603062125 -4.8561674801891535 0.9910399563001616 0.03592017660473691 -0.12864426115947358 -18.92503606024093
-0.13165074402594806 0.0901909042744855 -0.9871847255623264 57.04759793711577 -0.02588719836534846 0.9952000383771695 0.09437550834230427 -4.9363073024780455 0.9909579900894189 0.037980049387337914 -0.12868402280968316 -18.75082028119544
-0.13167759127180637 0.08873016748115922 -0.9873135111683732 58.03319712962445 -0.025220261800020967 0.995363700034445 0.09281725619987333 -5.004935357757248 0.9909716211429414 0.03712225472338421 -0.12882928352510006 -18.596274440165878
-0.13170804289902027 0.08988388415966682 -0.9872050844703355 59.02418657286936 -0.023035967295419842 0.9953341881626633 0.09369737501836331 -5.12007682366562 0.9910207561843136 0.035081918900411055 -0.12902294283631618 -18.527846629563896
-0.13234060460736077 0.08817309147602642 -0.9872747694090633 60.00966038031016 -0.022706881869594065 0.9955045215994083 0.09195186235682687 -5.195920984715801 0.9909440778672747 0.034586893642617945 -0.12974352133319866 -18.37589586956207
-0.1319405553263792 0.08827848833513964 -0.9873188939534328 60.996876526315305 -0.026093619927823556 0.9953720625470941 0.09248556698102094 -5.28825903068922 0.9909140308020093 0.037965317717370446 -0.12902642446545812 -18.24598065507924
-0.13339815532562307 0.08716977589662175 -0.987221536599488 61.9853534325795 -0.02623103532384227 0.9954648529186917 0.09144210949776813 -5.376371691249071 0.9907152308313174 0.03809404839604355 -0.13050660855165783 -18.122897098909835
-0.13536512703633602 0.08902237342754021 -0.9867883762042218 62.96017263992145 -0.023361326439061244 0.9953917117596172 0.09300316439380939 -5.495678116989169 0.9905202342955115 0.03564206746193524 -0.13266163152249363 -17.934499958095508
-0.13693392036908308 0.09192810213198627 -0.9863053915957092 63.943230488155635 -0.019523241200241515 0.9952406994262225 0.09547142639887264 -5.624900762212991 0.9903876757617589 0.03232915200481007 -0.13448746272376896 -17.80450468280443
-0.136012733676221 0.09186549588652201 -0.9864386787547645 64.93019578253244 -0.022077945537397746 0.9951632186615463 0.09572216328538599 -5.686758205339163 0.9904609554963787 0.0347979695280178 -0.13332665507667338 -17.655934295399632
-0.13274053186214063 0.09385541736745162 -0.9866970719687669 65.9238209689038 -0.022651538428900234 0.9949592144933995 0.09768863445394549 -5.7822008108800995 0.9908918521215027 0.035317444886374415 -0.1299454327243639 -17.595936817679906
-0.13403461327153787 0.09442647694261648 -0.9864676187779077 66.91456704953166 -0.018150865482740926 0.9950489922120499 0.09771411965528166 -5.891474273964071 0.9908103108854118 0.03100231267095263 -0.13165707140982597 -17.51542897529819
-0.1332838221652864 0.09368295142792536 -0.9866402218441965 67.90703064692445 -0.017531203089817055 0.9951437389250177 0.0968586382134049 -5.978881385329926 0.9909227433320892 0.0302066770763851 -0.13099417318039588 -17.429545314132458
-0.13361289187046435 0.09423408409336465 -0.9865432238483502 68.87573338267991 -0.016817349856053793 0.9951100634315049 0.09733004880899176 -6.0967096230280955 0.9908907989625767 0.029595589351803155 -0.13137475260578552 -17.211069899988274
-0.1349674414824412 0.09481934901244232 -0.9863027328323389 69.85899614996677 -0.0178510057657929 0.9950164658917198 0.09809981752020179 -6.189979223049412 0.9906891212739397 0.030846774547030963 -0.13260219262711662 -17.05456077157312
-0.13710489255211109 0.09432423034007993 -0.9860553676183834 70.84366989061834 -0.01837142201617369 0.9950425637026132 0.09773836131851196 -6.256668396843419 0.9903860576000036 0.03151564414555521 -0.13469232006918447 -16.893408131576173
-0.14086046780211187 0.09543936743600595 -0.9854185180693456 71.83155484068885 -0.019472992734543167 0.9948829812511227 0.09913957923469097 -6.357685284190383 0.9898378327672605 0.03315389231663319 -0.13828117820902514 -16.77559934109357
-0.14642120383058121 0.09274159689077625 -0.9848653853572842 72.80823950559197 -0.020426515025007537 0.9950998483506645 0.09674217951033819 -6.40494644205313 0.9890113209116073 0.034282471028910154 -0.1438093157234111 -16.566187212653567
-0.1480336773647899 0.09157945017720887 -0.9847330778800402 73.79814623435226 -0.01958451627333321 0.9952367160763615 0.09550039631264443 -6.488584954779896 0.9887882895320196 0.033422792982767624 -0.1455349971435731 -16.451778887237545
-0.15228380691228294 0.09315387133384878 -0.9839369890434139 74.7751264637667 -0.022031838280525365 0.9949809141785643 0.09760931575603092 -6.567673434220568 0.9880911116666955 0.03654225564044706 -0.14946711544011565 -16.25365106005928
-0.15384574507447327 0.09436960449900583 -0.9835780927151546 75.76292691310577 -0.02289200103656642 0.9948212002432145 0.09902896462743828 -6.647597835407913 0.9878295641525834 0.037751252270306006 -0.1508886845928073 -16.120000924230354
-0.16023675648059568 0.09738473349969401 -0.9822628953359542 76.74021730443108 -0.021699545161632722 0.9945332193893542 0.10214110470724046 -6.756495333258591 0.986839965144611 0.03768141409182287 -0.1572475571366068 -15.938218583586774
-0.16297620933256943 0.09726358184038111 -0.9818240936334602 77.73297950659436 -0.021070673901013772 0.9945588913585948 0.10202273433362945 -6.831865743401643 0.9864048799855293 0.03731497056144992 -0.160040012849096 -15.84471719599553
-0.16740455882673144 0.09767390663611533 -0.9810379817552767 78.71651818774475 -0.017206879466324345 0.9946392377865145 0.10196425822062867 -6.935746737579801 0.9857380192605194 0.03394988105293707 -0.16482646316913427 -15.696864575617738
-0.1761706937503508 0.09959972033833275 -0.979307807776516 79.68205315068126 -0.012653553545063673 0.99455656958863 0.10342687015842952 -7.06783747322239 0.9842782027747426 0.03061250467029347 -0.17395141304496722 -15.47260075144419
-0.18091809851881505 0.09852492600250566 -0.9785507041459511 80.66028969945779 -0.010387044361495255 0.9947226210743384 0.10207358342107957 -7.162098796406191 0.9834432151778558 0.028631205812896212 -0.1789399244840248 -15.28775473241046
-0.18552010698607904 0.09838633540366451 -0.9777026229430456 81.64544196124999 -0.011235895588948714 0.9946974804376395 0.10222855306281002 -7.247078585310057 0.9825761300965592 0.029950814175110755 -0.1834309060510923 -15.138578822453784
-0.19056921618557693 0.10148062635306791 -0.9764143876026221 82.61822804121198 -0.011870923131454209 0.9943314924093095 0.10565966300851207 -7.36009368129706 0.9816018858424518 0.031726416609485865 -0.18828428558876142 -14.936304695287864
-0.19671662220348632 0.1015567941064716 -0.9751865401653503 83.5906516213177 -0.01016709120404619 0.9943562790938232 0.1056040741786279 -7.458702337780743 0.9804075726645776 0.03068888466977898 -0.1945738518395593 -14.724954973776745
-0.20177779939993865 0.10119746442408022 -0.9741893003228145 84.57302444145377 -0.013799014952235988 0.9942554424840738 0.10614001261134136 -7.550946882370382 0.9793340160565177 0.03485954788894346 -0.19922222997345887 -14.562367824955945
-0.20574813935792882 0.10106544680105739 -0.9733722199722226 85.54545627983477 -0.010044291792129654 0.9943823521483351 0.1053700618692423 -7.65078945927434 0.9785533321243753 0.03145652610821963 -0.20357716756427202 -14.351636311759645
-0.21131829764770677 0.10126207304488427 -0.9721576876422506 86.51844129250783 -0.007084129003271648 0.9944340677854657 0.10512230944906847 -7.743396793025713 0.9773915290766914 0.029101155518762818 -0.20942473979118806 -14.140155726595442
-0.21811323069603172 0.10417809130845056 -0.9703471254590635 87.46408855426418 -0.0033748259592027243 0.9941996242621459 0.10749752400284336 -7.880867111021557 0.97591753680273 0.026721382728932163 -0.21649648742174202 -13.845447140675942
-0.22195842844654673 0.10550574106103068 -0.9693312099817595 88.43143141078853 0.0017861185817598171 0.9941709521160111 0.10780040699897417 -8.038587042736308 0.9750543962555179 0.02219586669837269 -0.2208530458116928 -13.647022814598817
-0.22777067758882025 0.10503086398134229 -0.9680335924140558 89.3953796722228 -0.0003187444910926574 0.9941573302385208 0.10794026651326707 -8.142419103435987 0.9737146538836029 0.024894181008769948 -0.22640638808179453 -13.402027630078404
-0.2277340069436294 0.1040986120695791 -0.9681429135445792 90.38595667683096 -0.001458303865780488 0.9942313621531157 0.10724678018935803 -8.213647471430765 0.9737221912754347 0.025835583434777286 -0.22626846189064068 -13.285050218592866
-0.2310162881754556 0.10595374112992956 -0.9671635225432188 91.33900317841757 0.0002534112115374315 0.9940592850301363 0.10883966936793629 -8.346802676124245 0.9729497525738059 0.024898644334321964 -0.22967071314577528 -13.013072200240217
-0.234762283346453 0.10634493782593377 -0.9662181040100413 92.3107848601729 0.002114520382975653 0.9940510576377972 0.10889455272288077 -8.449498716119281 0.9720504154239046 0.023521244094339137 -0.23359054122647122 -12.800719010129802
-0.23756962266062762 0.10846438226181099 -0.965295888403888 93.26665966281644 0.0051205594930358155 0.9938723664530605 0.11041512157064776 -8.565737532499632 0.9713569197446001 0.02128842209436081 -0.2366692577184897 -12.530919297992703
-0.24290536575590402 0.10880144064294263 -0.963929058489789 94.23014542559172 0.006289206746662535 0.9938458377529589 0.11059338433923659 -8.664938049978764 0.9700295051996409 0.02080137573560491 -0.2420947372613707 -12.282213789638824
-0.25095489467351545 0.10950029584126027 -0.9617854885836454 95.17052124423753 0.009405735380657127 0.9938102339274374 0.11069214553449397 -8.782158609107642 0.9679529872781752 0.018732434532589534 -0.2504314483361575 -11.962913555029866
-0.25323208874579956 0.10938255187699253 -0.9612018344626256 96.14411448275442 0.007096357460020115 0.9937705585913227 0.11121923659097092 -8.880216289337122 0.9673794311227208 0.021343246128334225 -0.2524307867226048 -11.756756118205692
-0.2583347976393115 0.11102224214228408 -0.9596547264919588 97.10969619968398 0.008184249796870598 0.9935902410610546 0.11274507050636778 -8.995464178495808 0.9660206849384524 0.02127191932711956 -0.25758754185556165 -11.523582661111938
-0.2611164882723549 0.11296405387525213 -0.958674763454417 98.08880212165394 0.00977069378684965 0.9933875120485498 0.11439311364284302 -9.129201273963156 0.9652577514509657 0.020503008992336414 -0.26049356975958654 -11.370396571156817
-0.2652681852655615 0.11203364510186914 -0.9576435935415137 99.05112956018104 0.0074053025194509275 0.9934336951450198 0.11416941291386315 -9.235757025377684 0.9641461328283613 0.02319387062166927 -0.2643559700814568 -11.12025309157518
-0.26946206987825455 0.11266007870188059 -0.9563984000215666 100.0099822211485 0.009616583271098373 0.9933986833291015 0.1143091303710541 -9.364471438840356 0.9629628906391965 0.02160468834170878 -0.2687666435655055 -10.867203370171088
-0.2742355651918006 0.11395670033571359 -0.9548867604237322 100.95966505513955 0.006812899980484908 0.993159396211174 0.11656756886587948 -9.492160942404022 0.9616383177732493 0.025461423073878685 -0.2731359766220757 -10.581200067517509
-0.27829751062962277 0.11551042696055948 -0.9535239047033611 101.92622759461706 0.00972363537613429 0.9930302124100946 0.11745828261907913 -9.600146827851859 0.9604456059481999 0.02341662702281352 -0.27748098960771383 -10.348614825086301
-0.2817208718166769 0.11739603518692189 -0.9522875202927121 102.88153163641228 0.012783704446853948 0.992857954337073 0.11861559513911735 -9.715037384087456 0.9594111439711014 0.021242725022048565 -0.2812095365696316 -10.076228458009993
-0.28568721773843797 0.11810548356170085 -0.9510173018265898 103.8168944455194 0.01118523107528275 0.9927200127814299 0.11992442132034338 -9.838627864316441 0.9582575439618458 0.02362352410651812 -0.28492842706372146 -9.744834754754915
-0.2866989368950465 0.11908176067891621 -0.9505910024068497 104.79849241467984 0.012332760110629214 0.9926212468155049 0.12062737416720647 -9.950700880374518 0.957941250321021 0.022860327332630295 -0.2860520343707607 -9.590222138114845
-0.29237841490833866 0.11985153879643666 -0.9487625999921232 105.73834981013076 0.016018823474964288 0.9925899626646267 0.1204514977569878 -10.085746671675246 0.9561684354374949 0.020019355857176856 -0.29213173135433845 -9.276485479809917
-0.2965168959795254 0.12084570028982913 -0.9473510685696872 106.68058583236493 0.015934461118911412 0.9924499068060728 0.12161116490461131 -10.221508764962465 0.954894570604941 0.020964234749953355 -0.29620374725948456 -8.970283073449258
-0.3015073728297692 0.11952862182000557 -0.9459419711034609 107.62429958198287 0.01357273477793957 0.9925485338188219 0.12109165489307736 -10.33151691275372 0.9533671397754422 0.023671005362687618 -0.3008830010178682 -8.658349512042554
-0.3053916347312949 0.11905641353762665 -0.9447547405711736 108.56961597548899 0.012816209013919343 0.9925770723413593 0.12094006883062751 -10.46798893991198 0.9521404901025886 0.024825909100526105 -0.3046505561205184 -8.362119391352309
-0.3103424363076197 0.11792467644404576 -0.9432822180621335 109.48561490650398 0.010676626497159064 0.9926458039833828 0.12058323880545284 -10.574666983718576 0.9505647800864049 0.02735102193043157 -0.30931912397821787 -7.975382111760864
-0.31326865386904984 0.11529482198700158 -0.9426398328768308 110.42034010492053 0.007848525024910477 0.9928833754001715 0.11883182868611006 -10.637036736920074 0.9496320186141243 0.0298279521891272 -0.3119441015487757 -7.625526723266664
-0.31452012792006756 0.11542246748692343 -0.9422073779865954 111.36706492293304 0.00961179123345894 0.9929163710647989 0.1184258989443807 -10.739450089985587 0.9492020450811977 0.0281910259305613 -0.31340156934939006 -7.320201314199854
-0.3159470790524251 0.11794310846884688 -0.9414174772134557 112.315414364491 0.010916157902575791 0.9926295508404097 0.1206955355222438 -10.850766061609319 0.9487139193166316 0.02785673776418148 -0.3149058612601879 -7.023145640124257
-0.3146168417355006 0.11894154623144572 -0.9417373049191864 113.27009442911131 0.008793849340161638 0.9924409587405517 0.12240756360578817 -10.957243732039723 0.9491779237332056 0.03022998254612053 -0.31328456274254857 -6.745209560315784
-0.32153888458134755 0.11859022117298483 -0.939440847070387 114.14536772889157 0.008497195223590796 0.9924477755599725 0.12237324241590684 -11.047814558911641 0.9468581541322212 0.031365140934311336 -0.320118202993053 -6.27013742803747
-0.32476450541212265 0.121887767274551 -0.9379079849394848 115.0818379167623 0.009745266765207938 0.9920396663509699 0.12554811891031567 -11.1776301642815 0.9457446097618584 0.03163340654587913 -0.32336706804605336 -5.944297782535195
-0.3265514901049493 0.11987141446371287 -0.9375473152351868 116.02981529791792 0.007897152860399128 0.9922366413736377 0.12411318419994712 -11.267005886643771 0.9451463276154197 0.03312538794769812 -0.3249629641488514 -5.638764075070477
-0.3311924120048631 0.12056857539124453 -0.9358284056698254 116.95101295430199 0.010506360276970992 0.992212263621342 0.12411462570192949 -11.406332116893717 0.9435046499960523 0.031273669216909245 -0.3298798766968746 -5.275469355843387
-0.3339779428791147 0.12101384551329049 -0.9347803928540226 117.89342416834204 0.01307835275353709 0.9922237883606992 0.1237776655959527 -11.526876680110155 0.9424900597270495 0.02911361997430849 -0.3329634881600403 -4.963491644377076
-0.3387231718945145 0.12228962954012804 -0.9329050644779768 118.814414480012 0.01426942090262948 0.9920711990420609 0.12486440508943761 -11.66120291746455 0.9407777736634942 0.028982449903515634 -0.3377824716860773 -4.597796031877468
-0.34364811498058145 0.12165560477222827 -0.9311852054762239 119.74122554172865 0.015532283863954768 0.9921742032053676 0.12389147933474678 -11.750156997526906 0.9389699382190324 0.028111638063401063 -0.34284834975006734 -4.232955791641198
-0.34747663601750867 0.1225978251007727 -0.929639586454082 120.66813579296132 0.01646078713372319 0.9920608173823016 0.12467709132670568 -11.866429576112614 0.9375440544824182 0.028019774617355397 -0.34673597756083174 -3.8761392447261196
-0.3488120421216155 0.12263678784258358 -0.9291342085719381 121.61389838433743 0.01724491095311835 0.9920734827930002 0.12447014816884698 -11.963854056686335 0.9370339357224162 0.027393847616644214 -0.3481620031211329 -3.5662334975622128
-0.35138265463265345 0.12277574156263431 -0.9281467272511685 122.56384919341329 0.018312738432542712 0.9920757576756398 0.12429937507242494 -12.070606499557572 0.9360527220092878 0.02667973395138405 -0.35084653826892886 -3.272639630068385
-0.3550718387676678 0.12045087722864546 -0.9270466954199219 123.46933874078277 0.015388525458176842 0.992283260270208 0.12303302268797013 -12.173589250395079 0.9347122593844662 0.029419677459997115 -0.3541853677589472 -2.8609562581323202
-0.3568345962551846 0.11680787076342374 -0.926836011516123 124.41177099786228 0.011972948446623312 0.9926421296290543 0.12049170507125911 -12.247399439998446 0.9340907583823308 0.03189864643737388 -0.3556075525916034 -2.5348067901653932
-0.35922941407342696 0.11609152443532002 -0.9260005324073775 125.34071461235564 0.009408798674018707 0.9926328693964245 0.12079512035392911 -12.356870645780894 0.9332017618799896 0.03468060473851023 -0.357675170062251 -2.181140575818561
-0.362387124778766 0.11805849092236052 -0.9245202888610474 126.25822742510397 0.010237153022503895 0.9923894621878339 0.12271249340031706 -12.47644689380457 0.93197135082361 0.03500496896812704 -0.36083771060070985 -1.8018363040763443
-0.36468811836331166 0.11808029365343596 -0.9236122674452446 127.18701380509276 0.010434706175150415 0.9923824985468134 0.12275216285267367 -12.582320433784542 0.931071167972936 0.03512862963267716 -0.3631422029310946 -1.4466650374439558
-0.36716189584537956 0.12003932045600857 -0.9223788287811503 128.112657172261 0.011590906021779911 0.9921511897063378 0.1245056932910287 -12.711522808274637 0.9300847381306955 0.035022537049449874 -0.365671439676358 -1.0910091954735914
-0.36989565135156194 0.12221044175499111 -0.921000442473973 129.0461538260342 0.013513795694686803 0.9919136978947203 0.12619268304751557 -12.83281833363625 0.92897492529027 0.034231909934456656 -0.3685560534358119 -0.7535608733066804
-0.3729764262252193 0.12430341044512584 -0.9194766161420173 129.96028507590705 0.01860314086000173 0.991787948586138 0.12653295297838404 -12.949238018875375 0.9276542117114377 0.030088653065500775 -0.3722259212504415 -0.36521761700040084
-0.3737118830969144 0.1255362436777396 -0.9190103807658767 130.92022215220985 0.02017772527283524 0.9916646988546883 0.12725558710029608 -13.06801516220563 0.9273252481378347 0.02901338368287008 -0.37312988051532275 -0.11142087378114973
-0.37416201395693305 0.12351111711132955 -0.9191016218360207 131.85763752415042 0.01666780788181956 0.991826729479515 0.12649870699090457 -13.19455748167211 0.9272134595277347 0.03201159899318806 -0.37316250883564706 0.21298541587796
-0.3820625598064573 0.12137118371788198 -0.9161316696616589 132.66213115198187 0.014915728118024458 0.9920188342740951 0.12520444680665735 -13.302275476426903 0.9240159904827572 0.034171157604307514 -0.38082355667704587 0.7970973641615304
-0.3842619947386954 0.12227216222117131 -0.9150913821827851 133.5779136448828 0.015338400202591989 0.9918996801983003 0.12609424214340884 -13.42185169937379 0.9230965726496329 0.03441718420779968 -0.38302477073123065 1.1805604304116815
-0.38813324123895343 0.12422548244776424 -0.9131925407908051 134.47785759236095 0.017214502218758827 0.9916781669388536 0.12758555611879274 -13.546726735394625 0.921442390021812 0.03380003751233556 -0.3870417023203827 1.5983008783645511
-0.3918959202556168 0.12597835986571254 -0.9113435359580656 135.40068917632735 0.021066960076314454 0.9915495775875456 0.1280063216372097 -13.67781855798099 0.9197682325836715 0.030965914712418774 -0.3912381761228532 1.9605118326812363
-0.3953563619992796 0.12504411702897042 -0.9099765468533467 136.28988649260725 0.022722729433261507 0.9917185179014804 0.12640434651696136 -13.78794927759462 0.9182466204371504 0.029297609265652048 -0.394923529492828 2.4045831308581467
-0.39829039117022624 0.12569722923727314 -0.9086060592267377 137.20209629196884 0.02401813582592512 0.9916556333259149 0.12665794110284723 -13.893280133215917 0.9169447776622524 0.028623614781874113 -0.3979858834113907 2.800535983401537
-0.4000781738730089 0.12506013740977226 -0.9079082645408006 138.1176155805201 0.02380380200184803 0.9917297682922628 0.1261167938587798 -13.992588494480296 0.9161717447689276 0.028844905612617242 -0.39974630143037176 3.190359342468223
-0.4028675033195001 0.12504877407912984 -0.9066755642843919 139.03296386785857 0.025577913563334095 0.9917739139431568 0.12542038893100468 -14.088334534066547 0.9149007474507102 0.027336927487408264 -0.4027519270092736 3.58147336442389
-0.40789629725832505 0.1258917829919298 -0.9043073977680722 139.92941674255803 0.026988821076873185 0.9916781108501022 0.1258814044950189 -14.210704753864887 0.9126291950348253 0.026940366016656614 -0.40789945948600964 4.007381495893231
-0.4077291462684958 0.127144426449722 -0.9042075193814397 140.8927022098516 0.027931930668222228 0.9915313470155278 0.12682821111528936 -14.34461771811217 0.9126755085605783 0.026455294334561303 -0.40782757812017206 4.240079617209734
-0.4094470822056711 0.12806859117092642 -0.9033003502870782 141.82412347391192 0.02865795627077542 0.9914152878207452 0.12757134716572252 -14.480199331453498 0.9118835682800289 0.026346971777779858 -0.40960223995850653 4.577825131090381
-0.41028428396305705 0.12855547159494582 -0.9028512042722902 142.77778634731072 0.03032191424137765 0.9913899950128848 0.1273831201732673 -14.600326561589734 0.9114533568380649 0.024887113452226935 -0.4106497411330515 4.853681175522741
-0.4152707561475709 0.12940059235918355 -0.9004474919648112 143.64884664844814 0.0335456858359522 0.9913364223253737 0.1269912781765379 -14.689539615496866 0.9090790508855583 0.02252963366268371 -0.41601381569371065 5.336687320546878
-0.4202629830146836 0.13078266390853774 -0.8979281262598848 144.53329838598424 0.036049165047860265 0.9911841335710483 0.12749302355952516 -14.824900032095218 0.906685898415941 0.02121103752926859 -0.4212725643815565 5.783254943284721
-0.4223737906763234 0.13055845503499947 -0.8969698271227348 145.43471726381753 0.03604213045862547 0.9912087441459119 0.12730353632430955 -14.940745478447731 0.9057047983291975 0.021440972013438968 -0.423366157129487 6.200416547972146
-0.4227543557164611 0.13022793629483997 -0.8968385804207737 146.35677362018725 0.034917476726690905 0.9912270444667058 0.1274743744319902 -15.064528337629207 0.9055712895868505 0.022575004996750976 -0.4235927391084603 6.5671451295375745
-0.42482862365399804 0.13035030708416045 -0.8958400738788798 147.25966450056202 0.03178876197835129 0.9911168817425206 0.1291386903172443 -15.181478192770951 0.9047153980260163 0.02638416303062447 -0.42519845309667265 6.9808004876327825
-0.4289465136956133 0.13072189300798265 -0.8938213888002405 148.14725248907172 0.03449296873099133 0.991122560608918 0.1283990068502506 -15.30041010148556 0.9026710145599572 0.02424575119115134 -0.4296475102016511 7.425820401924891
-0.4323786678755548 0.1308554844998274 -0.8921465853448514 149.0199970044056 0.03356798445819978 0.9910638509388052 0.12909544446550317 -15.394130050783364 0.901066987295262 0.025870551488738316 -0.43290737920750666 7.9049169852403125
