
0.9999328385125834 -0.0027364193878775143 0.011261903618013457 0.04377364367828278 0.0027240261691572577 0.9999956674968352 0.0011156473408120635 -0.017412314539834082 -0.011264907704793818 -0.0010848946921072425 0.9999359603784181 0.9988897233536308
0.9998283398626996 -0.004965757301298867 0.01785026783617257 0.07616778951863985 0.004945217325803518 0.9999870587490334 0.0011946380449074354 -0.026833717345472075 -0.017855969113970523 -0.0011061595194030425 0.9998399575822716 1.9983204895823115
0.9997710321152338 -0.007565885894649001 0.02001601143759143 0.09675925188937286 0.007570571349159693 0.999971330281028 -0.0001583206841689831 -0.02898084471391463 -0.02001423974793732 0.00030981707653060384 0.9997996470396913 2.998106157373913
0.9998126820536645 -0.008966951799848154 0.017152101331262243 0.13170289717845327 0.00899658383676137 0.9999581665969597 -0.001651222370187448 -0.030100321987668537 -0.017136577369089807 0.001805223384207303 0.9998515284203984 3.997494814716263
0.9998890478451719 -0.012575140443107716 0.007984850788381334 0.23029029971272608 0.012603184678675444 0.9999145501176214 -0.0034716277206258525 -0.02995313950771619 -0.007940512277667408 0.0035718770851669713 0.999962094261006 4.992623199598768
0.9998900583794205 -0.014255717299957553 -0.004079911550969374 0.2014019088008738 0.014233976261891781 0.9998845968584147 -0.005309132232500265 -0.04167142601195134 0.004155126204573912 0.005250475173731451 0.9999775834670868 5.992137152793984
0.9996963274130082 -0.013365649422441683 -0.02070295564552575 0.15260976219688582 0.013249688862529566 0.9998958110571684 -0.005728243655275802 -0.041282864634350755 0.020777360322966572 0.005452196423867931 0.999769260805795 6.990946031133495
0.9990506987592871 -0.009675684939377927 -0.0424744915159073 0.1844171610556781 0.009427482623310838 0.9999373186032923 -0.006039986411037217 -0.06287720355465173 0.04253027016100624 0.005633825113742951 0.9990792942177412 7.99020674481358
0.998205974364034 -0.006053363366643822 -0.0595666814242794 -0.01992373827147667 0.005623868939961147 0.9999569874410511 -0.007375321414263563 -0.06741605308605361 0.05960876480934977 0.007027094689054063 0.9981970822929384 8.969096011128775
0.9968429369721454 -0.005703240031230222 -0.07919363649873781 -0.14575952954494653 0.005115401430146284 0.9999578551070823 -0.007623691878078237 -0.08196920600841973 0.07923377863611282 0.0071945161609098165 0.9968300994955231 9.961040343929058
0.9950210191766311 -0.008492779626630876 -0.09930278994526162 -0.26991111810815827 0.007878747666972307 0.9999473527800169 -0.006573964058076426 -0.10069302638163778 0.09935339315745324 0.005758850792492414 0.9950355465538159 10.953126933702281
0.9927362628571138 -0.011165140726120248 -0.11979170272209233 -0.3486878291063014 0.010496426248886585 0.9999256162546228 -0.0062118430287795845 -0.060998206627215744 0.11985214826816387 0.004909337060994419 0.9927796134919011 11.94922861078599
0.990399152942506 -0.010777207654444166 -0.13781643460030937 -0.5034074576378056 0.010204090097194324 0.9999361049462253 -0.0048644187996526415 -0.08784113857826772 0.13786005366333184 0.003411424943197657 0.9904458429332726 12.93682229927906
0.9881877772104866 -0.009985831760085148 -0.15292220288714622 -0.708754471884625 0.00956090665801348 0.9999481196862249 -0.003513829799440823 -0.12618957403168066 0.15294935774848809 0.0020102487512632704 0.9882319833238974 13.914759925734955
0.986027793537478 -0.009115590291579876 -0.1663312850465871 -0.8889589281041794 0.008574350329343986 0.9999553516409035 -0.003971805778966729 -0.1269213975874039 0.16636006398184222 0.002490128179874232 0.9860619292790924 14.898388828519384
0.9839076523941215 -0.010465209830442542 -0.17837099243849644 -1.1022874800848719 0.009749966417671679 0.9999405308047011 -0.004886001316628215 -0.1471144395146368 0.17841151788812187 0.003068262898875835 0.9839511756421863 15.875160639111574
0.9821517173211661 -0.013281151924675686 -0.18762093477711655 -1.2963872255531486 0.01192542425515027 0.9998940015163894 -0.008352843101403832 -0.1471628344488356 0.18771198262076938 0.005966299950192687 0.9822059940997535 16.85614243632653
0.9808204655111885 -0.012425672322762512 -0.19451688127703406 -1.6400533018001768 0.010595271053457022 0.9998892876320002 -0.010447617435283304 -0.15098100126502065 0.19462516452329645 0.008186277914753716 0.9808435299211505 17.79522659104278
0.9790552044638192 -0.011582561788942255 -0.2032652229839501 -1.7871404417999246 0.009451519013936333 0.9998897579577483 -0.011451668853243972 -0.1813320309601521 0.20337545427272888 0.009290650870659575 0.9790567442215805 18.78388436208549
0.9773271263148453 -0.01207865705068096 -0.21139014691564742 -2.0014161778653388 0.009317898631388205 0.9998578588502359 -0.014051293908971899 -0.2052199514998841 0.21152982043736093 0.01176299873642619 0.9773007556154172 19.76036543009752
0.9756293697034113 -0.015473822226683202 -0.21887871938089756 -2.2398803942578787 0.012249637635418382 0.9997956702587827 -0.01607992878069001 -0.24766118693976458 0.21908281390817885 0.013006865782659683 0.975619568321888 20.730588888397012
0.9738754407044073 -0.020381054951898705 -0.226166395805929 -2.459042509307684 0.01660711856066198 0.9996895037116413 -0.01857686146483738 -0.25844062872802137 0.22647478801382875 0.014335576996386332 0.9739115265907232 21.706217798875596
0.9707532648236415 -0.020446281469944406 -0.2392071244931738 -2.5584125896602203 0.015726575670380303 0.99964249901035 -0.021622881168467625 -0.2580574537831029 0.23956371522399816 0.017228573544947355 0.9707277695634768 22.70126827011195
0.9686207914305399 -0.014608090648374535 -0.24811361529767625 -2.8179519998183444 0.008781230712365796 0.9996594176564008 -0.024575163845663422 -0.2954794070559576 0.24838810840225578 0.021625271754913387 0.9684191733055869 23.666275468006358
0.9662118833650368 -0.010416465620529326 -0.25753852855090403 -3.077032194263388 0.003520403541697552 0.9996231745364212 -0.027223440058713806 -0.3095604458273521 0.257725053502938 0.025396971742770644 0.965884460286636 24.632028633775665
0.9643577388812804 -0.012974175765290067 -0.2642836018806209 -3.4391578307000095 0.005674403225083196 0.9995815063092036 -0.028365708040918727 -0.385001341708591 0.2645410225424831 0.02585503834525879 0.9640277819566947 25.56110004904147
0.9621531141037577 -0.016485951768016982 -0.2720102910088936 -3.767886775272305 0.008593973453902263 0.9995075516231304 -0.030179427903936656 -0.44231224641152483 0.27237387657540546 0.026699581319523706 0.9618209831962753 26.503783846081877
0.9597006463971633 -0.015089698923122431 -0.28061890579801513 -4.020710308393955 0.006051850238871611 0.9994355228174899 -0.03304558728812611 -0.45986477737464465 0.2809591507916271 0.030015607888902777 0.9592502378782656 27.471137023446108
0.9576481813713098 -0.013335907422277428 -0.28763190763447294 -4.386321028387179 0.003157499358420315 0.9993532033036919 -0.035821854285503475 -0.5069439407725221 0.2879235851993083 0.03339653604604322 0.9570708858105044 28.400713461292828
0.9555298315461084 -0.013575486506817001 -0.29458181748296647 -4.750867841075348 0.0018319014683705003 0.9991938049600573 -0.040104666392498954 -0.5771249378515438 0.29488876744032644 0.03778156025823492 0.9547843570890653 29.32925007823795
0.9537466920574382 -0.012834569738812968 -0.30033734567834247 -5.061547411693627 -0.0012714395472332763 0.9989069955366511 -0.04672470127693816 -0.6310145027175024 0.30060876705607 0.0449453900590581 0.9526879242865786 30.278235915434166
0.9519056927677149 -0.011116231003548218 -0.3061894535817507 -5.381287439925429 -0.005549062901311552 0.99855222368932 -0.05350387337409962 -0.6970255805352024 0.30634092116028633 0.0526297061875716 0.9504658615906613 31.223438989885192
0.9498270872158076 -0.006939964412742871 -0.3126984830233146 -5.602037871329811 -0.01343340127658945 0.9979261472093871 -0.06295195347224117 -0.7009687971907067 0.3124868767184869 0.06399407480211683 0.9477640583335849 32.198761345866636
0.9482913684473712 -0.0036707715845406014 -0.3173799079402856 -5.934752548582178 -0.019625842315600488 0.9973416375774398 -0.07017466970178635 -0.7784446815529333 0.31679379230283794 0.07277488158922508 0.9456984243235586 33.13860092307284
0.9463781912348711 0.00029572130699396636 -0.3230607244836799 -6.206688122287332 -0.02606945012505064 0.9968083151448544 -0.0754557262787581 -0.8622887882497919 0.32200730259605825 0.07983166919829462 0.9433653595865312 34.09725686214893
0.9447579396384395 0.004433005996763078 -0.3277388959949078 -6.575878087162552 -0.0322970623163828 0.996301519333962 -0.07962526193722173 -0.9556076138336814 0.32617378076090114 0.08581160195843071 0.9414069437355281 35.02191375344812
0.9429915195422159 0.00663378225168903 -0.3327506378724123 -6.955511667916076 -0.035988207858605986 0.9959714669321595 -0.08213212497024786 -1.0844920886062004 0.3308652942914779 0.08942499644976132 0.9394313849576105 35.93802899539472
0.9409096429386109 0.009264044658275895 -0.3385309753947237 -7.306962700459902 -0.04029493866011009 0.9955870824603713 -0.08475068823569572 -1.2040999779682093 0.33625193195506237 0.09338382469472763 0.937130780383332 36.86656339137919
0.9390693246073363 0.012717256034960047 -0.3434924671378694 -7.680819653572195 -0.04498112706872685 0.995268390977886 -0.08612507258584583 -1.2953809313335354 0.34077192048222865 0.09632809205642709 0.9351980522283088 37.789547013206956
0.9369333090960711 0.014775986099377601 -0.3491957109431254 -8.016851114517237 -0.04840483547453 0.9949636080022052 -0.08777465838109869 -1.36746440101096 0.3461400673267511 0.09914176206839354 0.9329297748517874 38.72863531078839
0.9350009137619579 0.014310167204383918 -0.354356473595282 -8.417060579802895 -0.0481162615846889 0.9950653076868186 -0.08677475905614541 -1.4727574561218377 0.3513660721176923 0.09818478778670821 0.9310755236885266 39.63899005287588
0.9325647222135683 0.01294768776207678 -0.36077055903211336 -8.79079253864838 -0.047017835672602724 0.9952005366525178 -0.08582083066019304 -1.560169084000178 0.3579278726383185 0.0969961299648456 0.9286976842656876 40.5623987545076
0.9298730468488219 0.010945950489752573 -0.36771769458643383 -9.173559877806523 -0.04474261801530689 0.9955019421196811 -0.0835103668359807 -1.674787484873948 0.3651495787717996 0.0941066915995864 0.9261801745443259 41.4791057885457
0.9267903152660689 0.009337023431886958 -0.37546308942750967 -9.550689134225333 -0.04277753285182277 0.9958096847313954 -0.0808279313002079 -1.7694274993754942 0.37313508842258386 0.09097192857465614 0.9233061864838115 42.40041832596617
0.923466296902832 0.008670270490046985 -0.3835815752798839 -9.957510974144935 -0.040854851161840386 0.9962828353489864 -0.07583793988189017 -1.860466812805478 0.38149820395529016 0.08570494967395276 0.9203878432379872 43.309378079736724
0.9200107979035062 0.008038366760020284 -0.3918105618800785 -10.411433916522842 -0.039075316061069856 0.9966888930392053 -0.07130476959511274 -1.9322208509968943 0.38994006131158093 0.0809112795110549 0.9172786454683249 44.19752520740545
0.9167904684926194 0.008135137234582842 -0.3992856827175935 -10.84750052084458 -0.03784810772290348 0.9970624801193894 -0.06658777275122675 -2.0132899318827313 0.39757107241709166 0.07615924290818593 0.914405277815464 45.09378059551736
0.9118706664553031 0.008466508928517968 -0.41039030919957414 -11.235937840373161 -0.03886118972124113 0.9970772662878464 -0.0657779065143107 -2.083629571623841 0.40863393837493345 0.07592919911680275 0.909534529927079 46.012567177852205
0.9078978971344859 0.008611594175417462 -0.4191029095872911 -11.670987014074218 -0.03958864092520998 0.9970818490960895 -0.06527270266212498 -2.1690794349460174 0.4173178020267893 0.07585266408559006 0.90558943537491 46.908910046022775
0.9037537133216069 0.0075823913558635695 -0.42798566915111763 -12.071603784580503 -0.03903435202761806 0.9971370713961358 -0.06476094663700872 -2.2401785586333833 0.4262693338948839 0.07523408927383991 0.9014623046982875 47.82239300579816
0.9000643063130537 0.007758089433860455 -0.43568802663090767 -12.534383744134901 -0.03909192050927164 0.997247599803588 -0.06300036854558584 -2.318261515011947 0.4340000763272925 0.07373626471634677 0.8978902477550278 48.705420616327984
0.8960834767051424 0.005679824423568932 -0.4438492338289417 -12.9659100602557 -0.037250969501326524 0.9973531282221626 -0.062442796995951656 -2.3740391532710663 0.44231975769485254 0.07248777289987532 0.8939232376064419 49.605794923805405
0.8925069638972369 0.0050946134398971625 -0.4510048384539026 -13.450578780926916 -0.03563469380834607 0.9976069720994334 -0.059249454139138596 -2.4583228069892176 0.44962371822682906 0.068951969750679 0.8905527148211849 50.476422569196274
0.8885036395169701 0.0048197523512057945 -0.45884425740371626 -13.890593840736942 -0.03362137129753852 0.997940913230418 -0.054621763912494924 -2.5294051946731377 0.4576361938889552 0.06395860917900278 0.8868361801114781 51.371595201319
0.8846506398554143 0.001825580587631407 -0.4662509116976826 -14.37593555312925 -0.029808628377635902 0.9981680476261352 -0.052649732881308996 -2.5821963955900538 0.46530064590289133 0.060474920039197515 0.8830844200690013 52.24432454728936
0.8820697642427563 -0.00018256500289819333 -0.4711187723692873 -14.893172695451527 -0.027833916505055907 0.9982329544416565 -0.052499921511092604 -2.6258070519445367 0.4702958686834446 0.059421673964144564 0.8805060252846556 53.09905482594726
0.8790573320180978 -0.001885956296774704 -0.476712334845729 -15.362409647971852 -0.025929309240036225 0.9983227158507461 -0.05176317164475676 -2.700272642685062 0.4760103758822448 0.05786361711159007 0.8775340015447873 53.97898184461705
0.8762766940146882 -0.0023867279091639693 -0.4818023028759538 -15.892610920096875 -0.024977904218380063 0.9984180101380052 -0.05037441148959455 -2.754839228211565 0.48116032653113 0.056176334536468475 0.8748308177073454 54.82509596149549
0.8729182180775235 -0.0014958718344599744 -0.4878642709973878 -16.35075615718526 -0.02615472399035707 0.9984137462073962 -0.049859019215189634 -2.8227825178877968 0.48716497714978174 0.05628280156111029 0.8714944241285109 55.711372809394156
0.8702148923764997 -0.0028524804228879552 -0.4926640888491781 -16.85141214795113 -0.025447595971461883 0.9983881536789406 -0.05072981818249009 -2.8718291215186453 0.49201469586327223 0.05668295995263776 0.8687396509343743 56.57562856412335
0.8682091483003989 -0.003410440618475253 -0.496186702464184 -17.360140758835122 -0.025417036162091275 0.9983579565409465 -0.05133580508884321 -2.9467479270946577 0.49554702004979206 0.05718181097318129 0.8666968278548144 57.43328955369854
0.8665022548958384 -0.0032625207921409627 -0.4991624968069067 -17.84879369338943 -0.026019378637497908 0.9983240398779603 -0.05169239148140601 -3.0025506796034818 0.4984945678698456 0.057779471785654936 0.8649651429071729 58.3039814408572
0.8663282213728595 -0.003685535826707349 -0.49946153973915264 -18.397724597017042 -0.025205796268227425 0.9983760692649882 -0.05108710359254379 -3.049413090201053 0.49883873214438834 0.05684752540490017 0.8648284674823775 59.138534481421765
0.8664444616012794 -0.001862582749564246 -0.49926999283550655 -18.915278661274705 -0.026110716687789193 0.9984555608453952 -0.049037980086419075 -3.1228163807385703 0.4985902380056363 0.05552498358763455 0.8650576574790118 59.99103066763531
0.866334724863659 -0.002830629441551008 -0.49945583591782183 -19.448700874408583 -0.025091113144884217 0.9984746814567113 -0.04918075366510231 -3.1899682074641986 0.4988332191590264 0.05513889758493099 0.8649422647995417 60.83420999298832
0.8659801048288914 -0.0035390342984981727 -0.5000659289301501 -19.97077923702599 -0.025097768809073547 0.9984072194286353 -0.050528469139535584 -3.2380469453906278 0.49944825561948575 0.056307188075882336 0.8645119666781019 61.685751312153826
0.864911194057677 -0.0057135397359376625 -0.5018924006770841 -20.486899363830087 -0.023668222512891496 0.9983586055287191 -0.052152756493106835 -3.29587808580569 0.5013665741119987 0.05698640390860723 0.8633563042757971 62.54031293889938
0.8634301280444429 -0.00751473080523415 -0.5044124728890822 -21.003735899045367 -0.021235262418235715 0.9984613676286924 -0.05122461305922777 -3.3554222466135126 0.504021306707548 0.054940205441587356 0.8619420492184217 63.394323763643634
0.8612311442076326 -0.009424928588047677 -0.508126054210882 -21.49699277284836 -0.017389859689636716 0.9986960145192678 -0.04799857667996451 -3.431793746723638 0.5079158483713475 0.05017410990180001 0.859944213114302 64.26084846058944
0.858252358846132 -0.012063388001332323 -0.5130861167532975 -21.99787498384698 -0.013436888598537726 0.9988528746264458 -0.04596068836813266 -3.4870258488219825 0.5130519842665462 0.04634015019841262 0.8571057413876937 65.12459982852059
0.854911291466398 -0.015590803173738082 -0.5185398833066287 -22.624004508287253 -0.009478080163655339 0.9989120533170366 -0.04566043948922877 -3.548457378157283 0.5186876224855056 0.043950387874693006 0.8538334226803242 65.90189513008089
0.8493246667418323 -0.01914025420809519 -0.5275237067020997 -23.131763843648734 -0.00794751690988711 0.9987654852487255 -0.049034094779469746 -3.6168340657505644 0.5278109959434734 0.04583836978694238 0.8481240454181416 66.76067629309452
0.8433476029243169 -0.02151169734224687 -0.5369376756377428 -23.672698229942352 -0.008347155883586692 0.9985534464864108 -0.05311628280257635 -3.67121470789276 0.5373035879560663 0.0492773922561224 0.8419480939950951 67.59998120520058
0.8368843562912963 -0.02231240040143593 -0.546924794631974 -24.207350614880237 -0.008087173306702097 0.9985558198889877 -0.053111883733649425 -3.7306239619897603 0.547319990337288 0.048871580229775134 0.8354953002997894 68.442962443312
0.830763808669611 -0.021976307677582522 -0.5561910967514858 -24.753940275384448 -0.006255398827326068 0.9987886022675329 -0.04880776542699831 -3.792750598004941 0.5565899425881428 0.04402692223317505 0.8296199527062986 69.27805526697134
0.8245551226292407 -0.019737814729498395 -0.5654372364954225 -25.28234666684736 -0.006748182216292287 0.9989771229387552 -0.04471207758291531 -3.84969754666063 0.5657413824201413 0.04068324611813725 0.8235785097382262 70.12513479718083
0.8201203744021753 -0.021199756990647623 -0.5717981652593609 -25.86693792113017 -0.006485039630321041 0.9989048427155091 -0.04633637297518274 -3.902527388327648 0.572154276180321 0.041709537315097966 0.8190847323357531 70.93474091946838
0.8163351757193845 -0.022158361456016153 -0.5771532620550485 -26.431896979086634 -0.008356605719774026 0.9987061055423645 -0.050162554692183677 -3.968866131521057 0.5775180066664963 0.04577250015005291 0.8150937554698654 71.75718875002327
0.8131998316166635 -0.02000491963051907 -0.5816406425355816 -27.027628485783207 -0.014386167868514163 0.9984127024726985 -0.05445285773234831 -4.041399558864251 0.5818067308244954 0.05264863466165971 0.8116212474027371 72.55709054014933
0.8102715992730916 -0.020036481350418883 -0.5857119384360526 -27.623224939437986 -0.015901765165749596 0.998295765035981 -0.05614890360315616 -4.092045574193308 0.5858387741316188 0.05480971561974671 0.808572090662078 73.35877616776476
0.8064533068278468 -0.020206213908238527 -0.5909524285641967 -28.195217551980384 -0.014003070070751286 0.9984830101203289 -0.053250281967688294 -4.150089346612629 0.5911319462988124 0.05121901424802322 0.8049469762937419 74.17697869262047
0.8034225121096753 -0.021679854228497927 -0.5950144964250927 -28.81101633196055 -0.009923694903967282 0.9987104865057005 -0.04978839646943232 -4.217699421790061 0.5953266223803781 0.04590586089134479 0.8021713436797615 74.96197597943707
0.8007039556203713 -0.021046224418416307 -0.5986904307666999 -29.42965157689985 -0.008961816264192493 0.9988500188560472 -0.04709910488022301 -4.290091902575895 0.5989932063914705 0.04307779322343537 0.7995945487732286 75.74431207245884
0.797270338869619 -0.019680876899220205 -0.6033014750878685 -30.027474972149392 -0.010870344686621352 0.9988381219809995 -0.046949352326319 -4.3374856407110345 0.6035245167887673 0.043989421023066376 0.7961300700720576 76.54453767919603
0.7938749436420022 -0.01943259277751228 -0.6077704732835812 -30.64051902414299 -0.012515448026479362 0.9987553526826892 -0.04828156012776102 -4.401166151765268 0.6079522492910955 0.04593604059578431 0.792643641718193 77.33201579497268
0.7895990604280125 -0.02086254397589777 -0.6132683572711468 -31.250609698654944 -0.013394526402687061 0.998597733880441 -0.05121672140319657 -4.463603129389261 0.6134769029341249 0.048655114301568915 0.788212388521428 78.12188350079354
0.7854398232412116 -0.021611945001289795 -0.6185605935557751 -31.874183479619525 -0.013288739744522344 0.9985709783523565 -0.05176302337013349 -4.5346263147039485 0.6187953566913821 0.048876630670249034 0.7840302172183853 78.90041509735292
0.7809209052908475 -0.022746203096147243 -0.6242156277476789 -32.50303144223827 -0.012065528837505739 0.9986009740619117 -0.05148317799504176 -4.605807325567663 0.6245133807162122 0.0477357816245502 0.7795539317193516 79.67467829782332
0.7762273870209457 -0.021856250317810997 -0.6300740813274874 -33.13682715908624 -0.01257771401880287 0.9986631337742541 -0.05013727505802958 -4.68053304249947 0.6303275694023659 0.04684281761624279 0.7749147731777191 80.44456079310048
0.7709981616037065 -0.024018632319605264 -0.6363842707870752 -33.79390189170999 -0.011702217387329863 0.9985854600255542 -0.051866531923475935 -4.755157488005479 0.6367298429569034 0.04743610784038864 0.7696264826271452 81.19468344165892
0.7657905054259521 -0.025682929796672062 -0.642577068464571 -34.45646294209179 -0.011334658792319853 0.9985079580077929 -0.053417069417604164 -4.816047061636469 0.6429902233389909 0.04818967640649628 0.7643568065885924 81.9412122852678
0.7608684995338376 -0.026436498601353654 -0.648367363428191 -35.12026012802309 -0.011329675124886836 0.9984762609083921 -0.05400735934998181 -4.89233479957333 0.6488071862107334 0.04843829006162728 0.7594096175169338 82.68522403046417
0.7544767814318463 -0.026666523739624422 -0.6557847838977989 -35.74915037835825 -0.01203101706746196 0.9984444575325331 -0.0544418942624636 -4.971617095911482 0.6562164588827095 0.04896490308585372 0.7529823353553717 83.45866528260989
0.7484293354274106 -0.028701471133705563 -0.6625932050862292 -36.420250601790784 -0.01169224448563087 0.9983368618530001 -0.056451764227425566 -5.033331665901847 0.6631114697323298 0.04999735813282395 0.7468490094317369 84.19745875981424
0.7419534422911653 -0.030496712603059632 -0.6697574486280035 -37.08325759720944 -0.010898636059406584 0.998284328471018 -0.05752929046329101 -5.099865877141597 0.6703628190795883 0.04998349777248141 0.7403481213227294 84.9431094305446
0.7353698077215056 -0.03212768913952757 -0.6769040238336492 -37.76581176619343 -0.009107193668477292 0.9983168079559583 -0.05727660932795966 -5.16818701192665 0.6776048294656101 0.04828418522846711 0.7338394460246083 85.67074397407882
0.7294785209462292 -0.034116203864750685 -0.6831523783988137 -38.481828233114406 -0.0071889073843340355 0.9983177925011083 -0.057531771972801675 -5.238310105642022 0.6839659400063126 0.04687931110383267 0.7280061284781265 86.36529647088938
0.721739161105627 -0.038610341524389996 -0.6910874220052852 -39.163531229222855 -0.0055578621509146395 0.9980875099704821 -0.061566489336573924 -5.282700893949322 0.6921428273809206 0.04827591499173475 0.7201442512003101 87.09557756951526
0.7153993162628629 -0.041176690299735544 -0.697501468433281 -39.891877993908274 -0.005994932295646471 0.9978635289298337 -0.06505719344135277 -5.330197725017533 0.6986901166306821 0.05072334578529718 0.7136240348495474 87.77913813114148
0.7077589725334551 -0.04059786631905915 -0.7052865021030268 -40.558869635454975 -0.007105279794903122 0.9978878301452467 -0.06457084053226708 -5.4004718623043795 0.7064182555663616 0.050711849683750296 0.7059756061679683 88.52088181715129
0.6997413243557411 -0.04174562776317729 -0.7131755615215142 -41.23139481720167 -0.005965272747989647 0.9979149932232718 -0.0642657126408418 -5.478152389797895 0.7143713981605877 0.04922366161564546 0.6980333348968617 89.25686796889934
0.6944947778866282 -0.04263328313236895 -0.7182335321172041 -41.96416852965129 -0.005534973954091964 0.9978968128934399 -0.06458571730992096 -5.552803711469807 0.7194764537853399 0.048829847291027066 0.6927981513124912 89.93323315614322
0.6887762867142934 -0.043763452562748224 -0.7236518410671352 -42.661707660690986 -0.0061114836190509685 0.9977903665615487 -0.06615915783123742 -5.622525186814491 0.724948188926658 0.049991445435723196 0.6869868839761095 90.64637975856388
0.6846060960411761 -0.044300792913782694 -0.7275657585472716 -43.43445087023563 -0.007272317603481874 0.9976866014127519 -0.06759111449104235 -5.707196469663412 0.7288769489152005 0.051564378292359374 0.6827001598296205 91.27542562808642
0.6795981522066061 -0.047391907532366016 -0.7320521556677548 -44.18634086330632 -0.0075842437802062495 0.9974037901362789 -0.07161116301291585 -5.767040139685327 0.733545384256248 0.05421887606935414 0.6774743410005489 91.93199258847848
0.6746557401154364 -0.04713693978277787 -0.7366259167563981 -44.943111550900674 -0.008663110086373244 0.9973845014269516 -0.07175727724027334 -5.848968481497865 0.7380816911785046 0.05479293039454215 0.672482826491395 92.58051851178904
0.6693183855519382 -0.04822581028525558 -0.7414089087571534 -45.669733632112276 -0.007163356397864769 0.9974259351876407 -0.07134556846905712 -5.938995131207083 0.742941172023237 0.05306387695397472 0.6672500579807772 93.26163197769458
0.6643562426749094 -0.05141891650914312 -0.7456452761493879 -46.42712241308029 -0.0037354734937479796 0.9973898926721436 -0.07210719959354539 -6.022264282484596 0.7474067360257404 0.050690206356572724 0.6624301275779019 93.90926496242382
0.6590528875883072 -0.05259798681302097 -0.750255118706114 -47.184037046684765 -0.003718389388764673 0.9973114730142422 -0.07318469358077986 -6.105694748233241 0.7520874051211495 0.05102232430394233 0.6570854263189511 94.55743129510422
0.6542673798570363 -0.05284285696306065 -0.7544148912388883 -47.93521627421631 -0.0039896942168706215 0.9973007932327548 -0.07331582474043669 -6.197186228090433 0.7562527870990365 0.05097803728368077 0.6522905500769127 95.21115836142368
0.6489473495496498 -0.054414958764776415 -0.7588849384294734 -48.66297427091153 -0.003033259491474938 0.9972461871152984 -0.07410021336577392 -6.281453687500823 0.7608272713627832 0.0503890320072118 0.6469952152868185 95.89179577850466
0.6442790790767913 -0.05550273366787245 -0.7627738294011848 -49.41496492775215 -0.0026822715388216075 0.9971930219845266 -0.07482567958098192 -6.3710298486539525 0.7647857697965814 0.050254586464891574 0.6423217284631523 96.54485485958192
0.6397535040851238 -0.05825208655723173 -0.7663694594792558 -50.16407787782294 -0.002329857358064332 0.9969720964214528 -0.07772522577452384 -6.448795408175994 0.768576623229911 0.051510517069223126 0.6376806731082315 97.20271677958372
0.6359819711998069 -0.06149231902443969 -0.7692500419303177 -50.9077269170136 -0.0023141548161418122 0.9966637369077488 -0.08158455871405072 -6.556240494403277 0.7717004451186292 0.05366647215977928 0.6337178652757327 97.86259681410245
0.6312639012398787 -0.06696895840177852 -0.7726713697310007 -51.675730346959654 0.00018748349731448246 0.9962781613414602 -0.08619623010326824 -6.657285502768046 0.7755680833049686 0.054267705356488005 0.6289269944230391 98.4950212268789
0.6258436366668739 -0.07396827833343723 -0.7764331498873297 -52.49211452447026 0.005193999787974923 0.9958659624462041 -0.09068631212755221 -6.775739270662364 0.779931256464171 0.052722657761923516 0.6236405667920726 99.06025178123878
0.6185673984394269 -0.08068934503566068 -0.7815776373371919 -53.312190147192084 0.008544753420057751 0.9953450546554902 -0.09599588200463287 -6.873108079671851 0.7856852809979744 0.0527015348028268 0.6163774715647544 99.62416249052659
0.6098163326241596 -0.08517451490652961 -0.7879526270501603 -54.11256615355786 0.012134140985536748 0.995095199378363 -0.09817487864355642 -6.975802838072693 0.7924498741796604 0.05030751618368526 0.6078588246690739 100.21479946450549
0.6038170848463541 -0.08532565154701076 -0.7925430343115254 -54.92426732950399 0.014502008894282093 0.9952658214347654 -0.09610221861023854 -7.101766258602353 0.7969909784844975 0.046534695355814656 0.6021959003036006 100.78512780647713
0.5935874150585837 -0.08654052925331554 -0.8001029418022498 -55.71768961513098 0.014134216177272398 0.9951690703957475 -0.09715320509750218 -7.185953400496059 0.8046453906020457 0.046360091934978837 0.5919430185910306 101.38794917455412
0.5836973831584031 -0.08620590910256998 -0.807382131415987 -56.51706175940946 0.012067689135879267 0.9951593275281236 -0.09753093720810581 -7.301937535945194 0.8118816020658111 0.047185316249566796 0.5819122014165709 101.97748446211182
0.5744092442988715 -0.08641798039117489 -0.8139938284342823 -57.34782737179478 0.010298094090405241 0.995095861774446 -0.09837771667139567 -7.410759722399484 0.8185034937751337 0.048126484854840126 0.5724822024599682 102.52336561127649
0.5641535470761873 -0.08825880399898502 -0.8209391931428385 -58.17099260108223 0.009531962853690533 0.9949003952608061 -0.10041088185076218 -7.506366961910136 0.8256148720835326 0.04882199326697987 0.5621178666151172 103.08306040403883
0.5548235749352778 -0.09230955734873779 -0.8268311474044188 -59.011376224976374 0.012790800488375198 0.9946545917648146 -0.10246286402417713 -7.614955715969866 0.8318696990027348 0.04627298027197761 0.553038529559965 103.61406308499468
0.5444038017142022 -0.09430987912013859 -0.833504737466715 -59.8450806542082 0.014290152955845344 0.994558049213469 -0.1031992164369382 -7.730186931038421 0.838701551332545 0.04427113557437542 0.5427888856151507 104.1541174264762
0.5350001375669633 -0.0952913412656875 -0.8394607871027123 -60.69035245115578 0.014708236965465856 0.9945187233298226 -0.1035189678840958 -7.856361345875264 0.8447239315709564 0.0430356738788587 0.5334692214224722 104.67334339493847
0.5248367415657439 -0.09515506176623836 -0.8458675480965714 -61.543111536883806 0.01343140688659895 0.9945340404340743 -0.10354535106378446 -7.986387319683094 0.8510969345566318 0.04298321344594333 0.5232460715095387 105.17920423335515
0.5153111404679994 -0.09393841557376174 -0.8518391882210227 -62.40227561396387 0.011323969151655691 0.9946339574600415 -0.10283510290766393 -8.101297322850769 0.8569283495323391 0.04334587346990659 0.5136097146870497 105.6778351387623
0.5052734866564347 -0.09515375601297568 -0.8576971880557046 -63.26749369515149 0.01072676042480376 0.9945180270935675 -0.1040136067863635 -8.214294918112234 0.8628926006710426 0.04335500550735635 0.5035242826365204 106.16633203276588
0.49582432503560936 -0.0941088183952545 -0.8633086174730454 -64.12776392791477 0.010207860570652049 0.9946738045208601 -0.10256618440094584 -8.34272469274922 0.8683628494388445 0.042042275155469704 0.4941441174538085 106.65972935704733
0.48755644991824443 -0.09329612478910299 -0.8680924727484071 -65.00316178233082 0.011470924325888018 0.9948730498558406 -0.10047901554876366 -8.462988562415365 0.8730161086934335 0.039031369049465386 0.4861269650944086 107.12793358400037
0.47966617190712163 -0.09451267526089421 -0.8723460997465317 -65.87848603529447 0.013653881936635285 0.9948656529039202 -0.1002791313290935 -8.57350225783434 0.8773448210572766 0.0361895963929744 0.4784938641998344 107.59867148910094
0.4696608343632265 -0.09428728966682227 -0.8777975892382667 -66.70457573244401 0.01323351883549313 0.9949207775392398 -0.09978737595480476 -8.693115950210093 0.8827477412287529 0.035249871318915466 0.4685230751281469 108.14936957050273
0.46178500919146986 -0.10005576466806772 -0.8813304994397456 -67.57949724818413 0.015362215773604618 0.9943704702476804 -0.10483973591121225 -8.80913288162076 0.8868588431157215 0.03487422911113831 0.4607224549892794 108.61953168394986
0.4551459463839392 -0.10503002458034918 -0.8842006906957878 -68.46806575722857 0.015852852918650958 0.9938172651958448 -0.10989053850533283 -8.92805222009639 0.890275718271932 0.035999129646480464 0.45399692523198004 109.06259397716723
0.4495930712256655 -0.1064686677637474 -0.8868655439752267 -69.36267961233472 0.014296237835701713 0.9936014237105661 -0.11203494269236614 -9.052589706268842 0.8931190782250791 0.03769129322469347 0.4482384170566325 109.49172853041358
0.44314344863792204 -0.11059756528444138 -0.8896021933889504 -70.24252180596412 0.014071156984874706 0.9930963044138906 -0.11645485262787825 -9.177079002261479 0.8963402738192637 0.03908847288687413 0.44164035687081393 109.95040066766704
0.4393875534028251 -0.11358953500240856 -0.8910869741235163 -71.14241476812462 0.015836761792290967 0.9927983585377337 -0.11874601576775885 -9.303377553653847 0.8981579899386355 0.03806358919912135 0.4380221321881704 110.36782291500201
0.4341999262659952 -0.11579330826120524 -0.8933433459720396 -72.02666301574395 0.019846931901859086 0.9926929481220974 -0.1190244094408458 -9.433658075114053 0.9005978699312384 0.03395026525058281 0.43332534678314377 110.81630036405626
0.43066072421979507 -0.11946855601887821 -0.8945717437619163 -72.93057790179785 0.02459626923571193 0.9923854364890502 -0.12069038480393411 -9.564527106647336 0.9021786764018326 0.029973481065799567 0.4303199115525984 111.22349954794014
0.42699387708421255 -0.12334890738706394 -0.8958020294568438 -73.8246516520306 0.02788491416229308 0.9919775538546814 -0.12330030093492596 -9.695224516977857 0.9038244633194825 0.02766911084404211 0.4270079153954293 111.65192727355748
0.4214339124962805 -0.12017179304415593 -0.8988616120152312 -74.64914851025021 0.028754346423131454 0.992453460355901 -0.11920283800889855 -9.889490425765871 0.906403136005085 0.024389940224409993 0.42170900613574486 112.18340228469982
0.4187682645066501 -0.1229493500063677 -0.8997314032393723 -75.55298066950736 0.03128887706938305 0.9921572580840735 -0.12101645095948566 -10.01123813563094 0.9075539360356618 0.02252626387363758 0.4193309201836586 112.59360336104552
0.41645013860647523 -0.12628082180683195 -0.900345731426783 -76.46286322740619 0.033607730074192196 0.9917680302330453 -0.1235584666743862 -10.128496162794034 0.9085371772987083 0.02119736425730905 0.4172659454288585 112.99155346582916
0.41370806789341463 -0.1302590030801924 -0.9010428550720778 -77.37170099330693 0.03512569833481983 0.9912583677202372 -0.12717324302345479 -10.262037194065165 0.9097317296194443 0.020962837144966412 0.4146670225403132 113.38675051571639
0.4107362012703633 -0.12973500083972225 -0.9024769263106388 -78.24556605544316 0.03571822480061721 0.9913545154111624 -0.12625542836247636 -10.424104061814985 0.9110543240570679 0.019622801304032395 0.4118190916967088 113.84511083637622
0.40996616701625527 -0.13448064198995174 -0.902132306722223 -79.16925569066348 0.03903685020490754 0.9907516456142939 -0.12995114866229104 -10.556312249702186 0.911264981346302 0.018059170593915718 0.41142435529436566 114.20471958605026
0.40956416563623543 -0.13560848578107082 -0.902146070661979 -80.08671182404838 0.04250706542982691 0.9906528801536394 -0.12961489278568253 -10.747924264739586 0.9112904825659245 0.01473803336490793 0.4115002390731994 114.55337282209967
0.4093253514913995 -0.139073470341415 -0.9017268580194486 -81.01136087069267 0.04328069704554839 0.9901616921520408 -0.13306616646563282 -10.889952869744125 0.9113613651508881 0.015439988400384007 0.4113174794103775 114.90671686959485
0.40899917355990245 -0.13813771347042214 -0.9020186517719407 -81.9031315449028 0.04280266224676039 0.990292038668329 -0.13224829017690184 -11.065597562786937 0.9115303659955071 0.01548064169499039 0.4109412872915167 115.32372287245894
0.41036502706187183 -0.1379089135793818 -0.9014331234871795 -82.82369742636699 0.04178135802465684 0.9903040480548204 -0.13248475583194966 -11.230359560771564 0.9109636999826728 0.01670401034456093 0.4121481691725542 115.67785835769614
0.41125130175110003 -0.13744631616887246 -0.901099815214508 -83.72953720006076 0.04070994655916844 0.9903492863392026 -0.13248015435748134 -11.38521577894083 0.9106124680999991 0.01779891061384168 0.4128778653812643 116.07216008998847
0.41788316789299257 -0.13225374282418798 -0.8988228999645587 -84.6539461381329 0.04131807781825817 0.9910903594379987 -0.12662036121597092 -11.604945911734283 0.9075607276855461 0.015774883139116798 0.41962444950792627 116.38390803938816
0.42172852360600976 -0.13070579306115346 -0.897251942342472 -85.55187313954464 0.03947104210093447 0.9912639277059772 -0.12584856957623963 -11.75063211752256 0.9058626216002942 0.017658462253970796 0.42320336659609387 116.79924239816278
0.4293697913761705 -0.13083553135023668 -0.8936015029026495 -86.48331079045165 0.0369134753943615 0.991166380156492 -0.12738368098695627 -11.870086811194057 0.9023740785217016 0.021708767440336795 0.430406496034077 117.14297845770943
0.4349326394099201 -0.1280352630640723 -0.8913139573618394 -87.36634532500126 0.03706195437927414 0.9915462154862125 -0.12434835782011333 -12.042845253677307 0.8996999559372588 0.021049322247636414 0.4360010496769595 117.5793321346087
0.439418172407904 -0.12727319153093045 -0.889220560083502 -88.23906186989642 0.03731789478374763 0.9916436546521422 -0.12349184959766751 -12.186062045462057 0.8975071278193859 0.02108072355673767 0.44049580997748683 118.0460812993826
0.4470468048668492 -0.12671739381113864 -0.8854896139221752 -89.13322668683402 0.03742256070794121 0.9916979630783982 -0.1230231765815597 -12.327070318987673 0.8937274227684848 0.021859829182102566 0.4480774951498144 118.47103535213216
0.4580948960708345 -0.1260353637015894 -0.8799228109842642 -90.03979171276296 0.038495831524478184 0.9917812944646802 -0.12201612559495169 -12.49665111230233 0.8880693312737958 0.022021604087189898 0.45918178513998237 118.85753529818808
0.46996478329358143 -0.12376981390800519 -0.8739646077668045 -90.94207085111871 0.037720822887727865 0.9920320331104342 -0.12020642579933749 -12.642467769886606 0.8818788136612004 0.023526122671567555 0.4708888186903116 119.26328135036722
0.4797902185885036 -0.12269387956545914 -0.8687620836937823 -91.82112143456519 0.03598206368757792 0.9920925681034046 -0.12023987444593973 -12.786954499273046 0.876645103356869 0.026430063018649256 0.4804110890989672 119.71758703685335
0.4895562910006499 -0.1199621992299068 -0.8636803278398788 -92.6812598122481 0.03220478843369381 0.9923029606193992 -0.11957293150172682 -12.926345970996756 0.871376778175563 0.030723038617633786 0.4896515141960413 120.20823149962419
0.4998193491332913 -0.11734218552537104 -0.8581441777044765 -93.53401305553072 0.029165285796659404 0.9924985496605337 -0.11872663991765432 -13.065067768068149 0.8656384951793495 0.03431385169093459 0.49949229748392016 120.71178702693797
0.513779155199028 -0.11344566444400508 -0.8503887704466829 -94.41457870086623 0.02742093740394544 0.9928836850328299 -0.11588822281628643 -13.198913044401213 0.8574841525502722 0.0362224959726321 0.5132337273705376 121.1664182909951
0.528010949303313 -0.11224083162386499 -0.8417876413515389 -95.29362687348436 0.028152622366063147 0.9929961308425499 -0.11474368821699593 -13.335654970878416 0.8487707978422221 0.03688739416263088 0.5274727034474576 121.62311945779898
0.5406059814996611 -0.1105657420454171 -0.8339786504777708 -96.1489910295066 0.028032420311620156 0.993142931395056 -0.11349582032615797 -13.450985661385921 0.8408087512498039 0.03797807928242162 0.5399984345493645 122.128145192212
0.5517863190891996 -0.11045959361831333 -0.8266380926642919 -96.98150282045738 0.027637610384199717 0.9930674686370599 -0.11425044957037678 -13.561155069188422 0.8335274563913521 0.04019553348893119 0.5510138823380987 122.67108793275871
0.5635390731855247 -0.11096213086865171 -0.8186031508040253 -97.81692995445361 0.027170918577288827 0.9928912723511558 -0.11588210592049272 -13.685886571715093 0.8256424493549614 0.04306189501161337 0.5625479704177682 123.20634820221673
