0.9999727030075375 0.001626303737356745 -0.007207522178480734 -0.18556782612504283 -0.0016392003250406833 0.9999970655701195 -0.0017837806604445877 0.0879447419468481 0.007204600399107903 0.0017955472543480287 0.9999724344916446 -0.9786880525844428
0.9998879325941348 0.003496261021918276 -0.014556730796891362 -0.0624297818322575 -0.003518739642022897 0.9999926557043824 -0.0015188840074475763 0.04836495035000742 0.014551313811387313 0.0015699358494577337 0.9998928915477852 -1.9702880032285195
0.999932901195876 0.005825957163267185 -0.01001255857060352 -0.4329642750546073 -0.005841144374718492 0.9999818329142826 -0.0014882452032358223 0.16398440709746026 0.010003706555534063 0.0015466308584076139 0.9999487655815863 -2.8918824534249326
0.9998546647916058 0.007614220196764239 -0.01525362072625184 -0.08633218180408209 -0.0076156198448590695 0.9999710001796921 -3.3674979655332174e-05 0.20116099005121235 0.01525292230073351 0.00014983657727968863 0.9998836561872023 -3.8291466068726576
0.9999690802527174 0.00398619149772637 -0.006778555589332691 -0.12000686031844213 -0.004017018497645768 0.9999816248591956 -0.004540209945841684 0.35549006894540736 0.006760333224190269 0.0045672998607337225 0.9999667182795032 -4.816592074349161
0.9999405872935795 0.004377839707505451 0.00998280534049278 -0.2417005217469449 -0.004336320303499661 0.9999818745501005 -0.00417694834687318 0.48636730259741906 -0.010000910070166118 0.004133412255563642 0.9999414466361983 -5.800493391746948
0.9995167253239756 0.00473987986258085 0.03072213105440011 -0.40124723266612994 -0.004625210990588413 0.9999820742673945 -0.0038024422640898672 0.5035838749969356 -0.03073960311974255 0.0036585090159332767 0.9995207312066218 -6.787533632442692
0.9986909801290548 0.00012892113217369134 0.05114987378487306 -0.39409330350202987 2.4235629694269615e-05 0.9999955187486123 -0.0029936424850403064 0.45829571716355866 -0.05115003017271004 0.0029909641094822085 0.9986865016345345 -7.786481981516433
0.997840174929573 -0.004311148682470124 0.06554692436381317 -0.2908530460500812 0.004477349253567187 0.9999871231409898 -0.0023889110214053216 0.4762937164726236 -0.06553578103132578 0.0026772285753858278 0.9978466284213059 -8.780975581881313
0.9963084118061503 -0.005753930763919674 0.08565302589558284 -0.44305280972140354 0.005853142070342585 0.999982458699961 -0.0009072046541318451 0.4117609885890439 -0.08564630309354843 0.0014051956679892502 0.996324613864147 -9.767216302579769
0.9945359964452744 -0.004460642491566001 0.10429887076649887 -0.44207682245514685 0.004653865141000889 0.9999878757759837 -0.0016092980720160503 0.40746308933660447 -0.10429042737788276 0.0020858984515070705 0.9945446977310711 -10.767206590290769
0.9924163732453553 -0.0036396311754332057 0.12286779561562021 -0.5373361918700584 0.003901620598047342 0.9999905992747185 -0.00189175022076692 0.42169786338336634 -0.122859754955026 0.0023567881266431763 0.9924212443121702 -11.762557294209195
0.9898915571896943 -0.00415012118425984 0.14176558644014498 -0.7610672424348838 0.004473513317027475 0.9999880679762352 -0.0019625452242793863 0.41190930798528086 -0.14175574974861951 0.002576897898030801 0.9898983114494282 -12.737159059731274
0.9879737180033472 -0.005179890983467977 0.15453511336923514 -0.883543009807348 0.005711639298489701 0.9999791968916518 -0.0029971587294279093 0.4404478112772901 -0.15451637326215262 0.0038437635905954606 0.9879827507984994 -13.729220166860625
0.9858203581036697 -0.006936857765406183 0.1676606738406342 -1.058206689397575 0.0073961668492027845 0.9999704108410254 -0.0021152206428634458 0.44154240503774667 -0.16764103957619717 0.003325274599505534 0.9858424947214686 -14.713847711169752
0.9840853219285719 -0.004903210483962266 0.1776289325861347 -1.0465825078983868 0.005308040711888403 0.9999842851331124 -0.0018039375313960552 0.49196049303481487 -0.17761729574640372 0.0027180907629171043 0.9840958836588729 -15.71250826147078
0.9815481382835494 -0.004463776032399711 0.19116308988827124 -1.4751102909925131 0.004164205494246187 0.9999893915671008 0.001968792995530496 0.4513995071243666 -0.1911698498608419 -0.0011364219992475535 0.9815563137432418 -16.615125980028946
0.9802281440982114 -0.007805450905002557 0.1977166165347433 -1.6386367125264314 0.006994440589740958 0.9999640186706331 0.004799913010857416 0.4147794679896951 -0.19774696757422683 -0.0033220919846947577 0.9802474690199618 -17.60098503808732
0.9793186734436679 -0.009076380348353785 0.20212015031734867 -1.7559960661078575 0.008125085184138346 0.9999516678599809 0.00553578673633589 0.44217792408833095 -0.20216062598422355 -0.003779055174964318 0.979345087312766 -18.59369653029988
0.9762093419652331 -0.010041436830558779 0.2165975304711151 -2.340782634706028 0.007984510596939805 0.9999143561474928 0.010369568972167916 0.35159591785249394 -0.21668310525745116 -0.008393444116447985 0.9762059116763481 -19.39981039927962
0.9741424211778953 -0.007895957264781275 0.2257968049387368 -2.7120426860698097 0.0054796248575210435 0.999920843449529 0.011326100237928191 0.38963110204943424 -0.22586836170999 -0.00979595221343417 0.9741085783929195 -20.327559987912437
0.9724380464321438 -0.0010027110018401533 0.23315925978155652 -2.828780644054194 -0.002016554344872928 0.9999171832091467 0.012710634589041413 0.388795642651213 -0.2331526950429529 -0.012830482274938916 0.9723554903011541 -21.320722387147057
0.9705784168983681 0.00013379118672041018 0.2407852128993324 -2.9479125079171644 -0.003695359694031393 0.9998903483516022 0.014339999652718576 0.40995409460397886 -0.24075689150999363 -0.01480788141945615 0.9704724858739222 -22.313375357209647
0.9687212861854197 -0.007132119439634941 0.24804879069160093 -3.0280182038786942 0.002570313206660052 0.9998216535066062 0.018709747976185555 0.4111497781581849 -0.24813799188474756 -0.017486967331141457 0.9685668500196369 -23.310161015146246
0.9662587898538779 -0.011655490364503937 0.2573093480122369 -3.206626734693976 0.006027765494479374 0.9997252972033466 0.022649418862771276 0.3460908653540168 -0.25750265416433094 -0.020334198943547196 0.966063612528516 -24.291927958364383
0.964037275556113 -0.009565807150582303 0.265594854377688 -3.4178466068331854 0.003144047949003848 0.9996925919531156 0.02459342506754742 0.30325635055168065 -0.2657484640127032 -0.02287393483251791 0.9637709982045343 -25.268427507855225
0.9620321336396417 -0.0073644686907142 0.27283683484027976 -3.542401182223692 -0.0001212547000993543 0.9996242785638075 0.027409615157495397 0.2650610237462588 -0.2729361811176029 -0.02640201259106774 0.961669784680832 -26.259904827261934
0.9595336465258123 -0.009329137708386781 0.2814394222110597 -3.800364370673742 0.0005427974607875615 0.9995104788406748 0.03128111344882383 0.17557571378638082 -0.2815934771463372 -0.029862515542223095 0.9590689984532518 -27.22190658037835
0.9572099085805446 -0.011486743934287624 0.28916646698573656 -3.9337354077865263 0.0015096015477341445 0.9993965458373624 0.03470252543421671 0.12939025581473684 -0.2893905869736605 -0.032781074344130044 0.9566496168064267 -28.211896009658727
0.9550729971671743 -0.011842265510035546 0.2961339744603778 -4.205410090477318 0.000345039878351625 0.9992451277281961 0.03884656560031354 0.09716297516909397 -0.29637046215245466 -0.03699912709909199 0.954356125226555 -29.173745410235455
0.9536079690019128 -0.01532361200564703 0.3006609857815716 -4.420442328046917 0.0012920552758401455 0.998902859407798 0.04681247761104364 0.034118145491782825 -0.30104845432748284 -0.04425228037920017 0.9525815260796696 -30.148315308440743
0.952232871863674 -0.019325698209935193 0.3047606850152385 -4.702260721308348 0.003073492981903149 0.998551435597102 0.05371763311848435 0.015367789404531495 -0.3053573499748911 -0.0502150155226978 0.9509128987622185 -31.107599842651716
0.9508887076417495 -0.024825896754098874 0.3085358010503128 -4.9203976946350405 0.0053588890873645795 0.9979494149334077 0.06378281541146703 -0.08902366269750132 -0.30948658740625945 -0.05899694907647516 0.949071868835703 -32.07791870049467
0.9495321174746405 -0.031062241177689447 0.3121280106897555 -5.242297774498562 0.008850698570685264 0.9973416180191025 0.07232815566461354 -0.1525175312893855 -0.31354492949556934 -0.06591535516315541 0.9472828210948048 -33.022560890706856
0.9482626725421929 -0.035672371732001766 0.31547644247732803 -5.521743158937234 0.01115630592238965 0.9967980022728793 0.07917878189867522 -0.2447179237322525 -0.3172907822354955 -0.07156273093023015 0.9456243096759904 -33.97828541433184
0.9463423417321414 -0.045309164906851274 0.3199738298992127 -5.859089740461652 0.018403456463216658 0.996071679349057 0.08661710217359057 -0.30124255859830845 -0.32264141832584975 -0.076080806162833 0.9434586509828058 -34.91796740834886
0.9332517348928476 -0.05119482994018869 0.35555630877103717 -6.7636136485477385 0.016626892653730657 0.9948878891925108 0.09960740122473706 -0.5128802432683432 -0.35883804915876577 -0.08704698273145511 0.9293320597468263 -35.288164640209544
0.9314815715365026 -0.053644766742977176 0.3598115074437989 -7.05630305544108 0.01767944791251475 0.9945744635088491 0.10251377301410744 -0.5761896692273833 -0.36335866409134787 -0.08912842089679367 0.9273761943344203 -36.24227408254545
0.9429477443710513 -0.057630065474148263 0.3279151215467071 -6.26420625072669 0.026358090005563155 0.9947356175060976 0.09902677595486838 -0.4122059606604347 -0.3318957701630678 -0.08473385804196391 0.939502725408067 -36.83022985880516
0.941279855431905 -0.05848753061038281 0.33252284511172037 -6.580400724020611 0.02672924393626068 0.99469899487784 0.09929479899573332 -0.4885619096012236 -0.3365676470623117 -0.0845761091136882 0.9378534537539042 -37.77584649594077
0.9372739563112978 -0.06084302333902726 0.34324285474214267 -6.968654985593881 0.02725978573312995 0.994427753050156 0.10183490582994836 -0.6283382071519845 -0.3475261640049259 -0.08609047771533673 0.9337098023362316 -38.68673683809968
0.9341264069742476 -0.06084287879019882 0.3517186373991367 -7.411604783766079 0.026490146389341343 0.9944649230828317 0.10167491776304191 -0.7615967645745007 -0.3559580420480494 -0.08566014672901426 0.9305676824195439 -39.57332447257911
0.9317986904695846 -0.05801861149338972 0.3583085837089983 -7.7438212350146225 0.02361441615985435 0.9947411316549502 0.09966162924240624 -0.8365125526801661 -0.36220651505368573 -0.08440332691981205 0.9282685596623046 -40.51354777293221
0.9267273489846831 -0.05696773653179228 0.3713907613797991 -8.28872962819829 0.021742931958507572 0.9949138136098385 0.09835521540908722 -0.9510315467252686 -0.3751048724103531 -0.08307334329072563 0.9232524867708247 -41.34418622827127
0.9229322535658055 -0.051640507159983855 0.381483044640525 -8.734517118273804 0.017343017194446128 0.9955332793670307 0.09280468429616998 -1.0618429219425607 -0.38457154709076957 -0.07903636872462341 0.9197053754257586 -42.232439769343436
0.9197197609248831 -0.05012404759487843 0.38936248049469824 -9.175663814835602 0.017032475799041148 0.9959763523416311 0.08798295485152838 -1.127327612620948 -0.3922058845526239 -0.07428785448288593 0.9168728694855257 -43.127482420703416
0.9166627463333619 -0.056874886244124276 0.39559405556618055 -9.46003828967095 0.025015206364128496 0.996046572111655 0.08523770078535271 -1.1494289511181497 -0.3988779871999827 -0.06823835726633776 0.9144615234797364 -44.08594091699582
0.9111253754579839 -0.058785070953564965 0.40791526770829944 -9.903833718357408 0.02605759881218036 0.9960116362447116 0.08533359250182318 -1.218649583220251 -0.4113046942000938 -0.06712030842247783 0.9090232740289091 -44.9793915994223
0.907792602095629 -0.056453819570132825 0.4156026441643402 -10.221012425604647 0.023632075129253898 0.9962105509701193 0.08370222912735167 -1.2787658096390597 -0.4187530493420423 -0.06616271077935994 0.9056866894070301 -45.9258501073754
0.9040932023547144 -0.0558070038318418 0.4236756539846387 -10.557251814406227 0.022055659048360036 0.9962084324337881 0.08415644391101737 -1.3838122836080267 -0.42676577778027086 -0.06674082241214653 0.9018961323452658 -46.86174984136478
0.8990925951074582 -0.060639395956613606 0.433538197949101 -11.039786332207166 0.026963953954141587 0.9961501723799357 0.08341330382243747 -1.3977298094560522 -0.4369272826530869 -0.06330637910425611 0.8972663216894392 -47.73751621541137
0.8938659964943397 -0.053321536548886286 0.44515210215301415 -11.547618766319774 0.018384067559212975 0.9964264957721772 0.08243946010951794 -1.5302786868022697 -0.44795714760140654 -0.06550612314936628 0.8916520295175412 -48.588713615804636
0.8908014848726592 -0.05109594896221427 0.4515107070140385 -11.939622170414946 0.017556454754594226 0.9967858247282728 0.07816514899376735 -1.5840846371323214 -0.4540533946120381 -0.06170270279724211 0.8888353566936894 -49.50710255911993
0.8865898022575952 -0.0577851975707488 0.4589328855884574 -12.409763114532076 0.02553441799096763 0.9967673516570366 0.07617637539598825 -1.625266613278979 -0.46185118353835564 -0.055818612778115 0.8851992808016423 -50.388732605023876
0.8822312959967137 -0.04574656590794583 0.4685885103922088 -12.948306731089522 0.014410586877395963 0.9974257741051665 0.07024357719071835 -1.723049972317825 -0.47059565983725876 -0.05521844600658484 0.8806194684214916 -51.22563713254584
0.877998882549546 -0.0307145274909301 0.47767622930470266 -13.341184297117978 -0.002630018632677412 0.9976145318669055 0.06898064083462215 -1.872957488516071 -0.47865545537355936 -0.061821222253477685 0.8758236646267412 -52.13292702841073
0.8749387661081612 -0.03548132891291199 0.48293191120457474 -13.817683502648839 0.002126941308576548 0.9975838816379855 0.0694397236223479 -1.8979657340832512 -0.4842289039199737 -0.059728337575174324 0.8729002774080007 -53.011746176529115
0.8681726125659625 -0.03508842626689422 0.4950203199187933 -14.589772910463395 0.0015055908940870945 0.997678882841064 0.06807774914797607 -1.9547035074296126 -0.49626006054454913 -0.05835793855046543 0.8662103112503672 -53.644722299145734
0.8663302088305374 -0.038150123847979986 0.4980125875096149 -14.988484876540738 0.004918611359642946 0.9976819892358286 0.06787087458344583 -2.0054924943897556 -0.49944747094324704 -0.05634905788337445 0.8645096919318189 -54.56039104232008
0.862687970790541 -0.040110914370395136 0.5041434117408158 -15.54774034625065 0.0057434954345358825 0.9975626062946379 0.06954033924875312 -2.07970092062219 -0.5057039420571312 -0.057096068073818076 0.8608156376358327 -55.386058305495624
0.8611648749833518 -0.0381162734470406 0.506894671301069 -15.962369152979159 0.0025893490070402676 0.9975007329218437 0.07060866159397944 -2.161833124717822 -0.508319144894603 -0.05949317132278791 0.8591112905203695 -56.29233489354433
0.8592544259425624 -0.03713325320240481 0.5101989347349953 -16.425840276183113 -0.0003019076724858106 0.9973248878062446 0.07309567028222373 -2.276785031160553 -0.5115483750833097 -0.06296181048219361 0.8569446133621635 -57.170959146331256
0.8570355723210413 -0.03952983705895141 0.5137386687396974 -16.98177735811442 0.002055533891246165 0.9973071490223743 0.0733091078193819 -2.330450174961988 -0.5152531438567288 -0.06177250523438511 0.8548089583894314 -58.00044935944638
0.8571092756577813 -0.048427481978447935 0.5128532622209 -17.49847023817012 0.012184733330169258 0.997198679653478 0.07379922473184124 -2.352953604721775 -0.5149905062674969 -0.05700501912235027 0.8552983141858795 -58.85632438751901
0.8570831302363044 -0.04540664198791047 0.5131732112335154 -18.004565592437952 0.009473190831815921 0.9973289456275741 0.07242397992960015 -2.4177925737753507 -0.515091027112894 -0.0572119829673244 0.8552239606048992 -59.71636124769327
0.8544801843581211 -0.04641505609342535 0.5174062785733804 -18.621280402955428 0.009099750156034732 0.9971849684937262 0.07442669653593287 -2.4830867942473818 -0.5194042825944223 -0.05888786881833727 0.8524971613610263 -60.500835280192845
0.8516001714999084 -0.040739418066649005 0.5226063984653424 -19.377510612838066 0.0026273900480022583 0.9972945555804444 0.073462005357377 -2.542621772189148 -0.5241853149570582 -0.06118716481403509 0.849403253140338 -61.15242675992209
0.8506583876037718 -0.03617102991517476 0.5244730347636811 -19.770898111014994 -0.0011811185665688152 0.997496255556842 0.0707094414417121 -2.607541203574682 -0.5257175213498129 -0.06076904358580893 0.8484858343469707 -62.069504588701484
0.8505556769477854 -0.03607505693157561 0.5246461957160052 -20.15697469657482 0.0009125672618441285 0.9977440782502883 0.0671261613490833 -2.6403103206861043 -0.5258842147538295 -0.05661576196631974 0.8486698110394412 -62.99138910171412
0.8483367728539044 -0.03329091271383173 0.5284093441211097 -20.632585578786642 4.9597208027260084e-05 0.9980262470609236 0.06279815059054729 -2.6673897658141175 -0.5294570020857639 -0.05324777208526966 0.8466640170163783 -63.870627972950444
0.8450465198992784 -0.03134957029988407 0.533772970136302 -21.10320368933192 -0.0018251693728106862 0.9981047829953468 0.061510250516153546 -2.733405291401184 -0.5346896741626012 -0.05295324851347256 0.8433877553152888 -64.75049190832617
0.8395308492703638 -0.02505352813736194 0.5427340728674132 -21.60100731938532 -0.011383206268216072 0.9979058803538476 0.0636732013507704 -2.8302152315664917 -0.543192760846319 -0.05963367000354628 0.8374875819772262 -65.61236160950182
0.8347772238524525 -0.025286119698520577 0.5500069078546037 -22.04708248115826 -0.013414973517910002 0.9977142150849725 0.06622977806756991 -2.870365903193493 -0.5504244041822562 -0.06266543767289554 0.8325298902753412 -66.50645605302616
0.8294532835109043 -0.024099008588699466 0.5580559902536827 -22.523638256873532 -0.01444434758276013 0.9978093959877291 0.06455826904046202 -2.9005735469237264 -0.5583893005699518 -0.061608822224533434 0.8272881855998578 -67.38508116717706
0.8241765800331352 -0.019951588805146893 0.5659813592593247 -23.035592479535207 -0.015398960529337183 0.9982202581214766 0.05761239702093007 -2.921294015132886 -0.5661235171172199 -0.05619831225136572 0.822402524963856 -68.24384396121376
0.8167359482612218 -0.01984098373682179 0.5766703791440961 -23.672169104011935 -0.01422155100509645 0.9984128474398762 0.054493426704479916 -2.980761117741952 -0.5768363182001874 -0.05270788703900727 0.815157494383223 -69.01276129440232
0.8111175809745679 -0.01833449526287347 0.5845956860236128 -24.30324000946274 -0.017549137650849995 0.9982956326930839 0.05565840020712034 -3.0491396488884353 -0.5846197886595028 -0.055404656395999966 0.8094133843453285 -69.78546685875502
0.8087877644360745 -0.021968527502583927 0.5876901699857353 -24.807837495274715 -0.016274340902684224 0.9980833044846544 0.05970647483451727 -3.089485923896534 -0.5878754099428578 -0.057854135771627416 0.8068800414923113 -70.64787833580787
0.8058882759035847 -0.030103580003362194 0.5913018359789918 -25.360465575195924 -0.011842768397044802 0.9976871528707698 0.06693350307058872 -3.1605026698942105 -0.5919491830234234 -0.060943575385401405 0.8036678700415643 -71.47827512498117
0.8013885458891282 -0.03270505953159976 0.5972493429035656 -25.99478220991657 -0.010611481398062032 0.9975695603399723 0.0688648585683705 -3.2245933967443774 -0.5980499934471114 -0.061525208463574614 0.7990937705059544 -72.24868721344683
0.7979962995007862 -0.032114445312133144 0.6018060886908199 -26.618332462024753 -0.009078978102241304 0.9978252813588789 0.06528613970577332 -3.274222519906343 -0.6025939576690399 -0.057561881494915965 0.7959693159786547 -73.02889361794398
0.794011056119665 -0.02636337707692717 0.6073313882130836 -27.26069949577428 -0.012517814102353737 0.998138277680405 0.059693240482338025 -3.3174940220548566 -0.6077744209582597 -0.05499955363257655 0.7922028164107145 -73.79406821987304
0.7905536192350788 -0.02210945129920619 0.6119935843434663 -27.84410524927026 -0.016593695554843534 0.9982077438207788 0.05749738641061849 -3.3997589365040843 -0.6121679704672665 -0.05561000143989986 0.7887698673718725 -74.60207206333969
0.7864372464144077 -0.023704852412277797 0.617215146787758 -28.49691018079264 -0.015585415524952373 0.9981835771695835 0.05819485451340838 -3.4272286284069646 -0.6174735232842395 -0.05538615496686953 0.784639294122422 -75.35909989491148
0.7844353364811426 -0.027300863762886825 0.6196094461170792 -29.04517172381822 -0.012895083115455331 0.9980968257652045 0.06030292885803588 -3.4730883892221915 -0.6200765431706063 -0.05529366289451685 0.782590372706755 -76.19414849418288
0.7801314947772725 -0.027298826745481543 0.6250196996214562 -29.68036886869064 -0.01496708859685062 0.9979471985303375 0.062268573167966156 -3.498085186720862 -0.6254365169988061 -0.05793239958045497 0.7781214559972317 -76.96609392465277
0.7768594575061062 -0.023821717550311657 0.6292232585150268 -30.1785647030896 -0.018917020322463864 0.9979501126148939 0.061136887997589505 -3.5390070223835792 -0.6293898071213946 -0.059397798109197916 0.7748163474472329 -77.83219225296152
0.7735264987142146 -0.019017303236245443 0.6334785694595712 -30.727932641578608 -0.023240670728130783 0.9980262189147944 0.058339845583746455 -3.5844856812516466 -0.6333376877283572 -0.05984988263145194 0.7715577521170389 -78.66653424526186
0.76956757684866 -0.018771269435851855 0.6382894203314388 -31.3604565951123 -0.022956171029426233 0.998108468192569 0.05703069291128398 -3.5891121948439872 -0.6381526138472797 -0.05854165254438745 0.7676809990857241 -79.44106122601681
0.7661954336288656 -0.01943199381681128 0.6423137512949361 -31.964874164696653 -0.023114806280343257 0.9980624389317451 0.057767410572294856 -3.616931389593174 -0.6421917648971336 -0.05910808342094469 0.7642617166734225 -80.23724304843034
0.7579529131144466 -0.023449398453955283 0.6518876492260506 -32.72729564604504 -0.020610644044904033 0.9979937711763848 0.05986346168725398 -3.65324345866585 -0.6519835753566352 -0.05880950876736058 0.7559489791935163 -80.88330412819664
0.7540204401137146 -0.026777310274875146 0.6563049226884999 -33.34944193669768 -0.018026484320556996 0.9979487923066386 0.06142681659301338 -3.70613985549408 -0.656603549664782 -0.05814794497868747 0.7519910870897092 -81.6644161333672
0.7492013321643213 -0.02731419801855147 0.6617788894108089 -33.98585675852587 -0.01810349886491936 0.9979315627819968 0.06168354182697579 -3.752004840856085 -0.66209487755929 -0.05819390438094692 0.7471571739618434 -82.4343983267074
0.745125116192864 -0.026353662669644718 0.6664038157772354 -34.611714439569376 -0.01957941067130242 0.9979238715773397 0.061356280964938816 -3.7658615588624564 -0.6666372383654658 -0.0587658992631523 0.743062151847513 -83.21421250636402
0.7365832830953998 -0.027669370938227467 0.675780639687376 -35.39885144011449 -0.01981333796802656 0.9978512591590094 0.062452351703798516 -3.823135595466157 -0.6760565792755858 -0.05939082775985273 0.7344523341893547 -83.82832571049322
0.7298992361562288 -0.025035840844485874 0.6830961218831194 -36.05472014917494 -0.023112569860600205 0.9978537155179894 0.06126803033697631 -3.890542959991884 -0.6831638997010014 -0.060507594679850445 0.7277540224082432 -84.58018506176421
0.7221276722162848 -0.02505067657211845 0.6913060744870996 -36.77577047800833 -0.02411399426848848 0.9978251633252786 0.06134703509780008 -3.94287265451548 -0.6913393811887337 -0.06097054166809008 0.7199530908790359 -85.27108883708559
0.716300068180841 -0.024140963664673557 0.6973746670172764 -37.46966797679327 -0.02562506246290434 0.9978172142247432 0.060861836733178756 -3.956742869236975 -0.6973217106772835 -0.0614656065012385 0.714117925160502 -85.9910290281285
0.7101909208964811 -0.030683326136614973 0.7033401661880232 -38.17599889193143 -0.01971589178971733 0.9977910931139057 0.06343672527396793 -3.9599439183356386 -0.7037330027542122 -0.05891916424843675 0.7080172264280045 -86.69890358760144
0.7062323365486257 -0.02608319265403456 0.7074995080380163 -38.808397201688045 -0.024314069535944897 0.997838063991055 0.06105754722535014 -4.025511121320271 -0.707562514919094 -0.06032300577390489 0.7040713191543646 -87.47076712483887
0.7004676347870155 -0.025517218206903877 0.7132278487207715 -39.535193205310726 -0.023440288840319682 0.99799887792862 0.05872642090481587 -4.039861624222381 -0.7132991274054089 -0.057854223231304965 0.6984677828625904 -88.15747057796796
0.6946314670298328 -0.02521331971555653 0.718923788395472 -40.281454089194085 -0.022902596576587428 0.9981038398169668 0.05713314285655816 -4.057167584691995 -0.7190011097099817 -0.05615169963085826 0.6927368842961797 -88.8228991596155
0.6916799834047629 -0.02442063123587032 0.7217911286010813 -40.97308535659466 -0.024222288463752413 0.998081424547025 0.056980266020363934 -4.09232766185567 -0.7217978117052269 -0.05689554168011195 0.6897614198797075 -89.5442936143386
0.6853712970971135 -0.026390305630703905 0.7277154230082886 -41.7078232385394 -0.02508319126459487 0.9978944686611098 0.05981189623758877 -4.14644449746237 -0.7277616493856272 -0.05924678134570532 0.6832662735593521 -90.22048265102293
0.68149845245061 -0.03155074625122982 0.7311391178964567 -42.393657384525554 -0.021591320680068544 0.9977684385068726 0.06318194355065002 -4.177634094828243 -0.7315009732465133 -0.05884465520868191 0.6792964247607765 -90.94757187085014
0.6733591074475702 -0.03384990809744939 0.7385402467971538 -43.23575187575958 -0.019055876922818127 0.9978247673579862 0.06310790126183287 -4.1867182688941265 -0.7390699463868313 -0.05656781141266264 0.6712493553514564 -91.48682537888864
0.6654712422435061 -0.0322294812528273 0.7457273538533057 -44.0716076903955 -0.02053622484574193 0.9978986191021815 0.06145412486590546 -4.223503218435891 -0.746140930989972 -0.05621037672783964 0.6634109621113674 -92.03454056488303
0.6582661027703088 -0.030252054289314424 0.7521772072822073 -44.88155564828623 -0.02248582827891935 0.9979561559755258 0.059815535416419194 -4.243310082819032 -0.7524494170081253 -0.05628786620122157 0.6562404673308739 -92.62070777138044
0.6521126635008628 -0.029652077695400125 0.7575419647716892 -45.667519752374396 -0.024701001548948616 0.9978732646591426 0.060322534769133074 -4.28870571413191 -0.7577195617860663 -0.05804913336176739 0.6499933567373418 -93.23731109939176
0.6490972136716825 -0.029846518979940003 0.7601197224835263 -46.398541030150874 -0.02508790486335363 0.9978465223982786 0.06060457711442563 -4.330044504817844 -0.760291657144234 -0.058408072722360704 0.6469506110343602 -93.91841241065444
0.6474917242245437 -0.028073022044732724 0.7615552327270809 -47.05539675882833 -0.027178366726442332 0.9978348816802232 0.05989061098609268 -4.3766693502245495 -0.7615876857822893 -0.0594765016683584 0.6453268494445811 -94.67098577975737
0.6437630254113381 -0.024759814008348 0.7648242404131211 -47.78061521983394 -0.03237397524718845 0.9977003139622034 0.05954837736164505 -4.451638284680003 -0.7645397913376437 -0.06309544389383333 0.6414809992675002 -95.35541097150401
0.6412696068199845 -0.02136142808892721 0.7670182401735572 -48.4774654011733 -0.03670909495308428 0.9976137501704957 0.058474334698849634 -4.4469300973575745 -0.7664370381319687 -0.06565435832715266 0.6389552189411577 -96.07261223898425
0.6311186085422869 -0.022549847394399344 0.7753585018132797 -49.36477990713941 -0.04037475312986553 0.9972674128472027 0.06186749213227844 -4.506840096900923 -0.7746348694522771 -0.0703506329435124 0.6284835777274522 -96.52986901561535
0.6254031595263206 -0.020814512918936642 0.7800241304642053 -50.128052770543974 -0.048095733841211984 0.9967151765216213 0.06515870837989432 -4.623196296260077 -0.778818135485167 -0.07826629435690537 0.6223477315834327 -97.16538122737941
0.6177781293725884 -0.016539883339294056 0.7861784880852595 -50.9137876712891 -0.05720154191437967 0.9961848497048602 0.06590697095991016 -4.729237255209214 -0.784269192435477 -0.08568650626647638 0.6144751064448811 -97.77478748038209
0.6078684532136646 -0.012138695471032544 0.7939449575757029 -51.710914506581496 -0.06570612951843165 0.9956849696668623 0.06552973159715905 -4.804397999018443 -0.7913145062966608 -0.09200050609315932 0.6044478960200558 -98.3739032216537
