0.9999328385125834 -0.0027364193878775143 0.011261903618013457 0.012650061880015249 0.0027240261691572577 0.9999956674968352 0.0011156473408120635 -0.005031951601334702 -0.011264907704793818 -0.0010848946921072425 0.9999359603784181 0.28866723786130144
0.9998283398626996 -0.004965757301298867 0.01785026783617257 0.02214982045149741 0.004945217325803518 0.9999870587490334 0.0011946380449074354 -0.007794828958846132 -0.017855969113970523 -0.0011061595194030425 0.9998399575822716 0.5817557185662225
0.9997710321152338 -0.007565885894649001 0.02001601143759143 0.028305400655010457 0.007570571349159693 0.999971330281028 -0.0001583206841689831 -0.008436687923772845 -0.02001423974793732 0.00030981707653060384 0.9997996470396913 0.880630113867122
0.9998126820536645 -0.008966951799848154 0.017152101331262243 0.039005395052154494 0.00899658383676137 0.9999581665969597 -0.001651222370187448 -0.008779479880874127 -0.017136577369089807 0.001805223384207303 0.9998515284203984 1.1866500767435784
0.9998890478451719 -0.012575140443107716 0.007984850788381334 0.070131347284211 0.012603184678675444 0.9999145501176214 -0.0034716277206258525 -0.0087330115216048 -0.007940512277667408 0.0035718770851669713 0.999962094261006 1.5008313795915615
0.9998900583794205 -0.014255717299957553 -0.004079911550969374 0.06078543667778916 0.014233976261891781 0.9998845968584147 -0.005309132232500265 -0.012524086575358946 0.004155126204573912 0.005250475173731451 0.9999775834670868 1.824192001681497
0.9996963274130082 -0.013365649422441683 -0.02070295564552575 0.04429442621473347 0.013249688862529566 0.9998958110571684 -0.005728243655275802 -0.012392758683689043 0.020777360322966572 0.005452196423867931 0.999769260805795 2.1617743547797623
0.9990506987592871 -0.009675684939377927 -0.0424744915159073 0.05560789995176436 0.009427482623310838 0.9999373186032923 -0.006039986411037217 -0.020073581228404525 0.04253027016100624 0.005633825113742951 0.9990792942177412 2.517198257591023
0.998205974364034 -0.006053363366643822 -0.0595666814242794 -0.018003456469097033 0.005623868939961147 0.9999569874410511 -0.007375321414263563 -0.021708647295436773 0.05960876480934977 0.007027094689054063 0.9981970822929384 2.8698313668537834
0.9968429369721454 -0.005703240031230222 -0.07919363649873781 -0.06497771340436481 0.005115401430146284 0.9999578551070823 -0.007623691878078237 -0.02714131106839942 0.07923377863611282 0.0071945161609098165 0.9968300994955231 3.240122263290234
0.9950210191766311 -0.008492779626630876 -0.09930278994526162 -0.11286819624942904 0.007878747666972307 0.9999473527800169 -0.006573964058076426 -0.0343638751028589 0.09935339315745324 0.005758850792492414 0.9950355465538159 3.622811734751667
0.9927362628571138 -0.011165140726120248 -0.11979170272209233 -0.14395974270337192 0.010496426248886585 0.9999256162546228 -0.0062118430287795845 -0.018697146741927535 0.11985214826816387 0.004909337060994419 0.9927796134919011 4.015952564998167
0.990399152942506 -0.010777207654444166 -0.13781643460030937 -0.20626646030338391 0.010204090097194324 0.9999361049462253 -0.0048644187996526415 -0.02950699030544139 0.13786005366333184 0.003411424943197657 0.9904458429332726 4.413663712811338
0.9881877772104866 -0.009985831760085148 -0.15292220288714622 -0.29199386152856416 0.00956090665801348 0.9999481196862249 -0.003513829799440823 -0.045516532613766314 0.15294935774848809 0.0020102487512632704 0.9882319833238974 4.8219289685000195
0.986027793537478 -0.009115590291579876 -0.1663312850465871 -0.3692743272766314 0.008574350329343986 0.9999553516409035 -0.003971805778966729 -0.045830374271282226 0.16636006398184222 0.002490128179874232 0.9860619292790924 5.24375704825531
0.9839076523941215 -0.010465209830442542 -0.17837099243849644 -0.46373537945591836 0.009749966417671679 0.9999405308047011 -0.004886001316628215 -0.054771774610977556 0.17841151788812187 0.003068262898875835 0.9839511756421863 5.6762678027273905
0.9821517173211661 -0.013281151924675686 -0.18762093477711655 -0.5516955327247398 0.01192542425515027 0.9998940015163894 -0.008352843101403832 -0.054793705736231185 0.18771198262076938 0.005966299950192687 0.9822059940997535 6.120819180313065
0.9808204655111885 -0.012425672322762512 -0.19451688127703406 -0.7128270067358382 0.010595271053457022 0.9998892876320002 -0.010447617435283304 -0.0565838936239351 0.19462516452329645 0.008186277914753716 0.9808435299211505 6.561118716776854
0.9790552044638192 -0.011582561788942255 -0.2032652229839501 -0.7837489278328753 0.009451519013936333 0.9998897579577483 -0.011451668853243972 -0.07121843837921171 0.20337545427272888 0.009290650870659575 0.9790567442215805 7.037825983163188
0.9773271263148453 -0.01207865705068096 -0.21139014691564742 -0.8914576007453958 0.009317898631388205 0.9998578588502359 -0.014051293908971899 -0.08322603320641513 0.21152982043736093 0.01176299873642619 0.9773007556154172 7.528667745702593
0.9756293697034113 -0.015473822226683202 -0.21887871938089756 -1.0118512583225026 0.012249637635418382 0.9997956702587827 -0.01607992878069001 -0.10465338043694153 0.21908281390817885 0.013006865782659683 0.975619568321888 8.018505393375083
0.9738754407044073 -0.020381054951898705 -0.226166395805929 -1.1270036538302557 0.01660711856066198 0.9996895037116413 -0.01857686146483738 -0.11031712639902107 0.22647478801382875 0.014335576996386332 0.9739115265907232 8.53112139063673
0.9707532648236415 -0.020446281469944406 -0.2392071244931738 -1.1802698046007272 0.015726575670380303 0.99964249901035 -0.021622881168467625 -0.11011173002301851 0.23956371522399816 0.017228573544947355 0.9707277695634768 9.064506371679988
0.9686207914305399 -0.014608090648374535 -0.24811361529767625 -1.3230180042397963 0.008781230712365796 0.9996594176564008 -0.024575163845663422 -0.1306940240700876 0.24838810840225578 0.021625271754913387 0.9684191733055869 9.595265997180578
0.9662118833650368 -0.010416465620529326 -0.25753852855090403 -1.4682579693530462 0.003520403541697552 0.9996231745364212 -0.027223440058713806 -0.13858783310592057 0.257725053502938 0.025396971742770644 0.965884460286636 10.136665761083018
0.9643577388812804 -0.012974175765290067 -0.2642836018806209 -1.6742722445593032 0.005674403225083196 0.9995815063092036 -0.028365708040918727 -0.18150636723352093 0.2645410225424831 0.02585503834525879 0.9640277819566947 10.665217056468412
0.9621531141037577 -0.016485951768016982 -0.2720102910088936 -1.8652297795950787 0.008593973453902263 0.9995075516231304 -0.030179427903936656 -0.21479807845469584 0.27237387657540546 0.026699581319523706 0.9618209831962753 11.212818894314523
0.9597006463971633 -0.015089698923122431 -0.28061890579801513 -2.0143012839132823 0.006051850238871611 0.9994355228174899 -0.03304558728812611 -0.2251475192799101 0.2809591507916271 0.030015607888902777 0.9592502378782656 11.783196151432016
0.9576481813713098 -0.013335907422277428 -0.28763190763447294 -2.2361898594261964 0.003157499358420315 0.9993532033036919 -0.035821854285503475 -0.2537197900899355 0.2879235851993083 0.03339653604604322 0.9570708858105044 12.347354641172142
0.9555298315461084 -0.013575486506817001 -0.29458181748296647 -2.4607722614262006 0.0018319014683705003 0.9991938049600573 -0.040104666392498954 -0.29695543596635193 0.29488876744032644 0.03778156025823492 0.9547843570890653 12.91938812636646
0.9537466920574382 -0.012834569738812968 -0.30033734567834247 -2.656589196951376 -0.0012714395472332763 0.9989069955366511 -0.04672470127693816 -0.3309212658657457 0.30060876705607 0.0449453900590581 0.9526879242865786 13.517520466149032
0.9519056927677149 -0.011116231003548218 -0.3061894535817507 -2.862089870517567 -0.005549062901311552 0.99855222368932 -0.05350387337409962 -0.37334736130767504 0.30634092116028633 0.0526297061875716 0.9504658615906613 14.125013589642792
0.9498270872158076 -0.006939964412742871 -0.3126984830233146 -3.0069876514375955 -0.01343340127658945 0.9979261472093871 -0.06295195347224117 -0.37593563866430146 0.3124868767184869 0.06399407480211683 0.9477640583335849 14.765202803155693
0.9482913684473712 -0.0036707715845406014 -0.3173799079402856 -3.2296222115937896 -0.019625842315600488 0.9973416375774398 -0.07017466970178635 -0.4277782852831432 0.31679379230283794 0.07277488158922508 0.9456984243235586 15.394092314783629
0.9463781912348711 0.00029572130699396636 -0.3230607244836799 -3.4154615083671316 -0.02606945012505064 0.9968083151448544 -0.0754557262787581 -0.485076893239554 0.32200730259605825 0.07983166919829462 0.9433653595865312 16.04923258620194
0.9447579396384395 0.004433005996763078 -0.3277388959949078 -3.6785724770796717 -0.0322970623163828 0.996301519333962 -0.07962526193722173 -0.5515825107657301 0.32617378076090114 0.08581160195843071 0.9414069437355281 16.708208705660336
0.9429915195422159 0.00663378225168903 -0.3327506378724123 -3.9405901534622925 -0.035988207858605986 0.9959714669321595 -0.08213212497024786 -0.64053673482215 0.3308652942914779 0.08942499644976132 0.9394313849576105 17.340498363801494
0.9409096429386109 0.009264044658275895 -0.3385309753947237 -4.1936684852875175 -0.04029493866011009 0.9955870824603713 -0.08475068823569572 -0.7266658461631403 0.33625193195506237 0.09338382469472763 0.937130780383332 18.009131869519784
0.9390693246073363 0.012717256034960047 -0.3434924671378694 -4.469136800660921 -0.04498112706872685 0.995268390977886 -0.08612507258584583 -0.7939242192919449 0.34077192048222865 0.09632809205642709 0.9351980522283088 18.68921215505555
0.9369333090960711 0.014775986099377601 -0.3491957109431254 -4.720397522401831 -0.04840483547453 0.9949636080022052 -0.08777465838109869 -0.8478231743653832 0.3461400673267511 0.09914176206839354 0.9329297748517874 19.391396417103994
0.9350009137619579 0.014310167204383918 -0.354356473595282 -5.0254435352409415 -0.0481162615846889 0.9950653076868186 -0.08677475905614541 -0.9280792138328561 0.3513660721176923 0.09818478778670821 0.9310755236885266 20.08528326494442
0.9325647222135683 0.01294768776207678 -0.36077055903211336 -5.313589551213293 -0.047017835672602724 0.9952005366525178 -0.08582083066019304 -0.9954732691890236 0.3579278726383185 0.0969961299648456 0.9286976842656876 20.7972281018573
0.9298730468488219 0.010945950489752573 -0.36771769458643383 -5.615295659338067 -0.04474261801530689 0.9955019421196811 -0.0835103668359807 -1.08581815525785 0.3651495787717996 0.0941066915995864 0.9261801745443259 21.51979788050806
0.9267903152660689 0.009337023431886958 -0.37546308942750967 -5.914867719651414 -0.04277753285182277 0.9958096847313954 -0.0808279313002079 -1.1609953091109797 0.37313508842258386 0.09097192857465614 0.9233061864838115 22.25164111549979
0.923466296902832 0.008670270490046985 -0.3835815752798839 -6.249347616570027 -0.040854851161840386 0.9962828353489864 -0.07583793988189017 -1.235845814132097 0.38149820395529016 0.08570494967395276 0.9203878432379872 22.998967672020026
0.9200107979035062 0.008038366760020284 -0.3918105618800785 -6.6161625267503075 -0.039075316061069856 0.9966888930392053 -0.07130476959511274 -1.2938302176882936 0.38994006131158093 0.0809112795110549 0.9172786454683249 23.716678936306486
0.9167904684926194 0.008135137234582842 -0.3992856827175935 -6.97744961686793 -0.03784810772290348 0.9970624801193894 -0.06658777275122675 -1.36099704963891 0.39757107241709166 0.07615924290818593 0.914405277815464 24.459238669072178
0.9118706664553031 0.008466508928517968 -0.41039030919957414 -7.300715547417206 -0.03886118972124113 0.9970772662878464 -0.0657779065143107 -1.4195352177093896 0.40863393837493345 0.07592919911680275 0.909534529927079 25.223872715757302
0.9078978971344859 0.008611594175417462 -0.4191029095872911 -7.667676678495509 -0.03958864092520998 0.9970818490960895 -0.06527270266212498 -1.4916116182423074 0.4173178020267893 0.07585266408559006 0.90558943537491 25.979932059439363
0.9037537133216069 0.0075823913558635695 -0.42798566915111763 -8.008585248371272 -0.03903435202761806 0.9971370713961358 -0.06476094663700872 -1.5521140793475887 0.4262693338948839 0.07523408927383991 0.9014623046982875 26.757268886925022
0.9000643063130537 0.007758089433860455 -0.43568802663090767 -8.408553686281262 -0.03909192050927164 0.997247599803588 -0.06300036854558584 -1.6195991064006172 0.4340000763272925 0.07373626471634677 0.8978902477550278 27.52044621715142
0.8960834767051424 0.005679824423568932 -0.4438492338289417 -8.784558876824079 -0.037250969501326524 0.9973531282221626 -0.062442796995951656 -1.6682002709603645 0.44231975769485254 0.07248777289987532 0.8939232376064419 28.304976384595793
0.8925069638972369 0.0050946134398971625 -0.4510048384539026 -9.215112035975123 -0.03563469380834607 0.9976069720994334 -0.059249454139138596 -1.743073254970735 0.44962371822682906 0.068951969750679 0.8905527148211849 29.078394323859836
0.8885036395169701 0.0048197523512057945 -0.45884425740371626 -9.61065761185028 -0.03362137129753852 0.997940913230418 -0.054621763912494924 -1.8069718042230185 0.4576361938889552 0.06395860917900278 0.8868361801114781 29.883097632045555
0.8846506398554143 0.001825580587631407 -0.4662509116976826 -10.051595725727958 -0.029808628377635902 0.9981680476261352 -0.052649732881308996 -1.8549331724040148 0.46530064590289133 0.060474920039197515 0.8830844200690013 30.67598153613253
0.8820697642427563 -0.00018256500289819333 -0.4711187723692873 -10.526655096265493 -0.027833916505055907 0.9982329544416565 -0.052499921511092604 -1.894987625693026 0.4702958686834446 0.059421673964144564 0.8805060252846556 31.461013381168893
0.8790573320180978 -0.001885956296774704 -0.476712334845729 -10.962455871979751 -0.025929309240036225 0.9983227158507461 -0.05176317164475676 -1.9641470600351791 0.4760103758822448 0.05786361711159007 0.8775340015447873 32.278239891673984
0.8762766940146882 -0.0023867279091639693 -0.4818023028759538 -11.461936991721894 -0.024977904218380063 0.9984180101380052 -0.05037441148959455 -2.015552027680855 0.48116032653113 0.056176334536468475 0.8748308177073454 33.07532969274942
0.8729182180775235 -0.0014958718344599744 -0.4878642709973878 -11.899418509913154 -0.02615472399035707 0.9984137462073962 -0.049859019215189634 -2.080430872012772 0.48716497714978174 0.05628280156111029 0.8714944241285109 33.92163280706439
0.8702148923764997 -0.0028524804228879552 -0.4926640888491781 -12.384701695418554 -0.025447595971461883 0.9983881536789406 -0.05072981818249009 -2.127971483704622 0.49201469586327223 0.05668295995263776 0.8687396509343743 34.75935130735592
0.8682091483003989 -0.003410440618475253 -0.496186702464184 -12.880499173397373 -0.025417036162091275 0.9983579565409465 -0.05133580508884321 -2.2009859634548925 0.49554702004979206 0.05718181097318129 0.8666968278548144 35.59521181626913
0.8665022548958384 -0.0032625207921409627 -0.4991624968069067 -13.372763030056054 -0.026019378637497908 0.9983240398779603 -0.05169239148140601 -2.257201072829439 0.4984945678698456 0.057779471785654936 0.8649651429071729 36.472337718981805
