0.9999727030075375 0.001626303737356745 -0.007207522178480734 -0.18556782612504283 -0.0016392003250406833 0.9999970655701195 -0.0017837806604445877 0.0879447419468481 0.007204600399107903 0.0017955472543480287 0.9999724344916446 -0.9786880525844428
0.9998879325941348 0.003496261021918276 -0.014556730796891362 -0.0624297818322575 -0.003518739642022897 0.9999926557043824 -0.0015188840074475763 0.04836495035000742 0.014551313811387313 0.0015699358494577337 0.9998928915477852 -1.9702880032285195
0.999932901195876 0.005825957163267185 -0.01001255857060352 -0.4329642750546073 -0.005841144374718492 0.9999818329142826 -0.0014882452032358223 0.16398440709746026 0.010003706555534063 0.0015466308584076139 0.9999487655815863 -2.8918824534249326
0.9998546647916058 0.007614220196764239 -0.01525362072625184 -0.08633218180408209 -0.0076156198448590695 0.9999710001796921 -3.3674979655332174e-05 0.20116099005121235 0.01525292230073351 0.00014983657727968863 0.9998836561872023 -3.8291466068726576
0.9999690802527174 0.00398619149772637 -0.006778555589332691 -0.12000686031844213 -0.004017018497645768 0.9999816248591956 -0.004540209945841684 0.35549006894540736 0.006760333224190269 0.0045672998607337225 0.9999667182795032 -4.816592074349161
0.9999405872935795 0.004377839707505451 0.00998280534049278 -0.2417005217469449 -0.004336320303499661 0.9999818745501005 -0.00417694834687318 0.48636730259741906 -0.010000910070166118 0.004133412255563642 0.9999414466361983 -5.800493391746948
0.9995167253239756 0.00473987986258085 0.03072213105440011 -0.40124723266612994 -0.004625210990588413 0.9999820742673945 -0.0038024422640898672 0.5035838749969356 -0.03073960311974255 0.0036585090159332767 0.9995207312066218 -6.787533632442692
0.9986909801290548 0.00012892113217369134 0.05114987378487306 -0.39409330350202987 2.4235629694269615e-05 0.9999955187486123 -0.0029936424850403064 0.45829571716355866 -0.05115003017271004 0.0029909641094822085 0.9986865016345345 -7.786481981516433
0.997840174929573 -0.004311148682470124 0.06554692436381317 -0.2908530460500812 0.004477349253567187 0.9999871231409898 -0.0023889110214053216 0.4762937164726236 -0.06553578103132578 0.0026772285753858278 0.9978466284213059 -8.780975581881313
0.9963084118061503 -0.005753930763919674 0.08565302589558284 -0.44305280972140354 0.005853142070342585 0.999982458699961 -0.0009072046541318451 0.4117609885890439 -0.08564630309354843 0.0014051956679892502 0.996324613864147 -9.767216302579769
0.9945359964452744 -0.004460642491566001 0.10429887076649887 -0.44207682245514685 0.004653865141000889 0.9999878757759837 -0.0016092980720160503 0.40746308933660447 -0.10429042737788276 0.0020858984515070705 0.9945446977310711 -10.767206590290769
0.9924163732453553 -0.0036396311754332057 0.12286779561562021 -0.5373361918700584 0.003901620598047342 0.9999905992747185 -0.00189175022076692 0.42169786338336634 -0.122859754955026 0.0023567881266431763 0.9924212443121702 -11.762557294209195
0.9898915571896943 -0.00415012118425984 0.14176558644014498 -0.7610672424348838 0.004473513317027475 0.9999880679762352 -0.0019625452242793863 0.41190930798528086 -0.14175574974861951 0.002576897898030801 0.9898983114494282 -12.737159059731274
0.9879737180033472 -0.005179890983467977 0.15453511336923514 -0.883543009807348 0.005711639298489701 0.9999791968916518 -0.0029971587294279093 0.4404478112772901 -0.15451637326215262 0.0038437635905954606 0.9879827507984994 -13.729220166860625
0.9858203581036697 -0.006936857765406183 0.1676606738406342 -1.058206689397575 0.0073961668492027845 0.9999704108410254 -0.0021152206428634458 0.44154240503774667 -0.16764103957619717 0.003325274599505534 0.9858424947214686 -14.713847711169752
0.9840853219285719 -0.004903210483962266 0.1776289325861347 -1.0465825078983868 0.005308040711888403 0.9999842851331124 -0.0018039375313960552 0.49196049303481487 -0.17761729574640372 0.0027180907629171043 0.9840958836588729 -15.71250826147078
0.9815481382835494 -0.004463776032399711 0.19116308988827124 -1.4751102909925131 0.004164205494246187 0.9999893915671008 0.001968792995530496 0.4513995071243666 -0.1911698498608419 -0.0011364219992475535 0.9815563137432418 -16.615125980028946
0.9802281440982114 -0.007805450905002557 0.1977166165347433 -1.6386367125264314 0.006994440589740958 0.9999640186706331 0.004799913010857416 0.4147794679896951 -0.19774696757422683 -0.0033220919846947577 0.9802474690199618 -17.60098503808732
0.9793186734436679 -0.009076380348353785 0.20212015031734867 -1.7559960661078575 0.008125085184138346 0.9999516678599809 0.00553578673633589 0.44217792408833095 -0.20216062598422355 -0.003779055174964318 0.979345087312766 -18.59369653029988
0.9762093419652331 -0.010041436830558779 0.2165975304711151 -2.340782634706028 0.007984510596939805 0.9999143561474928 0.010369568972167916 0.35159591785249394 -0.21668310525745116 -0.008393444116447985 0.9762059116763481 -19.39981039927962
0.9741424211778953 -0.007895957264781275 0.2257968049387368 -2.7120426860698097 0.0054796248575210435 0.999920843449529 0.011326100237928191 0.38963110204943424 -0.22586836170999 -0.00979595221343417 0.9741085783929195 -20.327559987912437
0.9724380464321438 -0.0010027110018401533 0.23315925978155652 -2.828780644054194 -0.002016554344872928 0.9999171832091467 0.012710634589041413 0.388795642651213 -0.2331526950429529 -0.012830482274938916 0.9723554903011541 -21.320722387147057
0.9705784168983681 0.00013379118672041018 0.2407852128993324 -2.9479125079171644 -0.003695359694031393 0.9998903483516022 0.014339999652718576 0.40995409460397886 -0.24075689150999363 -0.01480788141945615 0.9704724858739222 -22.313375357209647
0.9687212861854197 -0.007132119439634941 0.24804879069160093 -3.0280182038786942 0.002570313206660052 0.9998216535066062 0.018709747976185555 0.4111497781581849 -0.24813799188474756 -0.017486967331141457 0.9685668500196369 -23.310161015146246
0.9662587898538779 -0.011655490364503937 0.2573093480122369 -3.206626734693976 0.006027765494479374 0.9997252972033466 0.022649418862771276 0.3460908653540168 -0.25750265416433094 -0.020334198943547196 0.966063612528516 -24.291927958364383
0.964037275556113 -0.009565807150582303 0.265594854377688 -3.4178466068331854 0.003144047949003848 0.9996925919531156 0.02459342506754742 0.30325635055168065 -0.2657484640127032 -0.02287393483251791 0.9637709982045343 -25.268427507855225
0.9620321336396417 -0.0073644686907142 0.27283683484027976 -3.542401182223692 -0.0001212547000993543 0.9996242785638075 0.027409615157495397 0.2650610237462588 -0.2729361811176029 -0.02640201259106774 0.961669784680832 -26.259904827261934
0.9595336465258123 -0.009329137708386781 0.2814394222110597 -3.800364370673742 0.0005427974607875615 0.9995104788406748 0.03128111344882383 0.17557571378638082 -0.2815934771463372 -0.029862515542223095 0.9590689984532518 -27.22190658037835
0.9572099085805446 -0.011486743934287624 0.28916646698573656 -3.9337354077865263 0.0015096015477341445 0.9993965458373624 0.03470252543421671 0.12939025581473684 -0.2893905869736605 -0.032781074344130044 0.9566496168064267 -28.211896009658727
0.9550729971671743 -0.011842265510035546 0.2961339744603778 -4.205410090477318 0.000345039878351625 0.9992451277281961 0.03884656560031354 0.09716297516909397 -0.29637046215245466 -0.03699912709909199 0.954356125226555 -29.173745410235455
0.9536079690019128 -0.01532361200564703 0.3006609857815716 -4.420442328046917 0.0012920552758401455 0.998902859407798 0.04681247761104364 0.034118145491782825 -0.30104845432748284 -0.04425228037920017 0.9525815260796696 -30.148315308440743
0.952232871863674 -0.019325698209935193 0.3047606850152385 -4.702260721308348 0.003073492981903149 0.998551435597102 0.05371763311848435 0.015367789404531495 -0.3053573499748911 -0.0502150155226978 0.9509128987622185 -31.107599842651716
0.9508887076417495 -0.024825896754098874 0.3085358010503128 -4.9203976946350405 0.0053588890873645795 0.9979494149334077 0.06378281541146703 -0.08902366269750132 -0.30948658740625945 -0.05899694907647516 0.949071868835703 -32.07791870049467
0.9495321174746405 -0.031062241177689447 0.3121280106897555 -5.242297774498562 0.008850698570685264 0.9973416180191025 0.07232815566461354 -0.1525175312893855 -0.31354492949556934 -0.06591535516315541 0.9472828210948048 -33.022560890706856
0.9482626725421929 -0.035672371732001766 0.31547644247732803 -5.521743158937234 0.01115630592238965 0.9967980022728793 0.07917878189867522 -0.2447179237322525 -0.3172907822354955 -0.07156273093023015 0.9456243096759904 -33.97828541433184
0.9463423417321414 -0.045309164906851274 0.3199738298992127 -5.859089740461652 0.018403456463216658 0.996071679349057 0.08661710217359057 -0.30124255859830845 -0.32264141832584975 -0.076080806162833 0.9434586509828058 -34.91796740834886
0.9332517348928476 -0.05119482994018869 0.35555630877103717 -6.7636136485477385 0.016626892653730657 0.9948878891925108 0.09960740122473706 -0.5128802432683432 -0.35883804915876577 -0.08704698273145511 0.9293320597468263 -35.288164640209544
0.9314815715365026 -0.053644766742977176 0.3598115074437989 -7.05630305544108 0.01767944791251475 0.9945744635088491 0.10251377301410744 -0.5761896692273833 -0.36335866409134787 -0.08912842089679367 0.9273761943344203 -36.24227408254545
0.9429477443710513 -0.057630065474148263 0.3279151215467071 -6.26420625072669 0.026358090005563155 0.9947356175060976 0.09902677595486838 -0.4122059606604347 -0.3318957701630678 -0.08473385804196391 0.939502725408067 -36.83022985880516
0.941279855431905 -0.05848753061038281 0.33252284511172037 -6.580400724020611 0.02672924393626068 0.99469899487784 0.09929479899573332 -0.4885619096012236 -0.3365676470623117 -0.0845761091136882 0.9378534537539042 -37.77584649594077
0.9372739563112978 -0.06084302333902726 0.34324285474214267 -6.968654985593881 0.02725978573312995 0.994427753050156 0.10183490582994836 -0.6283382071519845 -0.3475261640049259 -0.08609047771533673 0.9337098023362316 -38.68673683809968
0.9341264069742476 -0.06084287879019882 0.3517186373991367 -7.411604783766079 0.026490146389341343 0.9944649230828317 0.10167491776304191 -0.7615967645745007 -0.3559580420480494 -0.08566014672901426 0.9305676824195439 -39.57332447257911
0.9317986904695846 -0.05801861149338972 0.3583085837089983 -7.7438212350146225 0.02361441615985435 0.9947411316549502 0.09966162924240624 -0.8365125526801661 -0.36220651505368573 -0.08440332691981205 0.9282685596623046 -40.51354777293221
0.9267273489846831 -0.05696773653179228 0.3713907613797991 -8.28872962819829 0.021742931958507572 0.9949138136098385 0.09835521540908722 -0.9510315467252686 -0.3751048724103531 -0.08307334329072563 0.9232524867708247 -41.34418622827127
0.9229322535658055 -0.051640507159983855 0.381483044640525 -8.734517118273804 0.017343017194446128 0.9955332793670307 0.09280468429616998 -1.0618429219425607 -0.38457154709076957 -0.07903636872462341 0.9197053754257586 -42.232439769343436
0.9197197609248831 -0.05012404759487843 0.38936248049469824 -9.175663814835602 0.017032475799041148 0.9959763523416311 0.08798295485152838 -1.127327612620948 -0.3922058845526239 -0.07428785448288593 0.9168728694855257 -43.127482420703416
0.9166627463333619 -0.056874886244124276 0.39559405556618055 -9.46003828967095 0.025015206364128496 0.996046572111655 0.08523770078535271 -1.1494289511181497 -0.3988779871999827 -0.06823835726633776 0.9144615234797364 -44.08594091699582
0.9111253754579839 -0.058785070953564965 0.40791526770829944 -9.903833718357408 0.02605759881218036 0.9960116362447116 0.08533359250182318 -1.218649583220251 -0.4113046942000938 -0.06712030842247783 0.9090232740289091 -44.9793915994223
0.907792602095629 -0.056453819570132825 0.4156026441643402 -10.221012425604647 0.023632075129253898 0.9962105509701193 0.08370222912735167 -1.2787658096390597 -0.4187530493420423 -0.06616271077935994 0.9056866894070301 -45.9258501073754
0.9040932023547144 -0.0558070038318418 0.4236756539846387 -10.557251814406227 0.022055659048360036 0.9962084324337881 0.08415644391101737 -1.3838122836080267 -0.42676577778027086 -0.06674082241214653 0.9018961323452658 -46.86174984136478
0.8990925951074582 -0.060639395956613606 0.433538197949101 -11.039786332207166 0.026963953954141587 0.9961501723799357 0.08341330382243747 -1.3977298094560522 -0.4369272826530869 -0.06330637910425611 0.8972663216894392 -47.73751621541137
