0.9999328385125834 -0.0027364193878775143 0.011261903618013457 0.012650061880015249 0.0027240261691572577 0.9999956674968352 0.0011156473408120635 -0.005031951601334702 -0.011264907704793818 -0.0010848946921072425 0.9999359603784181 0.28866723786130144
0.9998283398626996 -0.004965757301298867 0.01785026783617257 0.02214982045149741 0.004945217325803518 0.9999870587490334 0.0011946380449074354 -0.007794828958846132 -0.017855969113970523 -0.0011061595194030425 0.9998399575822716 0.5817557185662225
0.9997710321152338 -0.007565885894649001 0.02001601143759143 0.028305400655010457 0.007570571349159693 0.999971330281028 -0.0001583206841689831 -0.008436687923772845 -0.02001423974793732 0.00030981707653060384 0.9997996470396913 0.880630113867122
0.9998126820536645 -0.008966951799848154 0.017152101331262243 0.039005395052154494 0.00899658383676137 0.9999581665969597 -0.001651222370187448 -0.008779479880874127 -0.017136577369089807 0.001805223384207303 0.9998515284203984 1.1866500767435784
0.9998890478451719 -0.012575140443107716 0.007984850788381334 0.070131347284211 0.012603184678675444 0.9999145501176214 -0.0034716277206258525 -0.0087330115216048 -0.007940512277667408 0.0035718770851669713 0.999962094261006 1.5008313795915615
0.9998900583794205 -0.014255717299957553 -0.004079911550969374 0.06078543667778916 0.014233976261891781 0.9998845968584147 -0.005309132232500265 -0.012524086575358946 0.004155126204573912 0.005250475173731451 0.9999775834670868 1.824192001681497
0.9996963274130082 -0.013365649422441683 -0.02070295564552575 0.04429442621473347 0.013249688862529566 0.9998958110571684 -0.005728243655275802 -0.012392758683689043 0.020777360322966572 0.005452196423867931 0.999769260805795 2.1617743547797623
0.9990506987592871 -0.009675684939377927 -0.0424744915159073 0.05560789995176436 0.009427482623310838 0.9999373186032923 -0.006039986411037217 -0.020073581228404525 0.04253027016100624 0.005633825113742951 0.9990792942177412 2.517198257591023
0.998205974364034 -0.006053363366643822 -0.0595666814242794 -0.018003456469097033 0.005623868939961147 0.9999569874410511 -0.007375321414263563 -0.021708647295436773 0.05960876480934977 0.007027094689054063 0.9981970822929384 2.8698313668537834
0.9968429369721454 -0.005703240031230222 -0.07919363649873781 -0.06497771340436481 0.005115401430146284 0.9999578551070823 -0.007623691878078237 -0.02714131106839942 0.07923377863611282 0.0071945161609098165 0.9968300994955231 3.240122263290234
0.9950210191766311 -0.008492779626630876 -0.09930278994526162 -0.11286819624942904 0.007878747666972307 0.9999473527800169 -0.006573964058076426 -0.0343638751028589 0.09935339315745324 0.005758850792492414 0.9950355465538159 3.622811734751667
0.9927362628571138 -0.011165140726120248 -0.11979170272209233 -0.14395974270337192 0.010496426248886585 0.9999256162546228 -0.0062118430287795845 -0.018697146741927535 0.11985214826816387 0.004909337060994419 0.9927796134919011 4.015952564998167
0.990399152942506 -0.010777207654444166 -0.13781643460030937 -0.20626646030338391 0.010204090097194324 0.9999361049462253 -0.0048644187996526415 -0.02950699030544139 0.13786005366333184 0.003411424943197657 0.9904458429332726 4.413663712811338
0.9881877772104866 -0.009985831760085148 -0.15292220288714622 -0.29199386152856416 0.00956090665801348 0.9999481196862249 -0.003513829799440823 -0.045516532613766314 0.15294935774848809 0.0020102487512632704 0.9882319833238974 4.8219289685000195
0.986027793537478 -0.009115590291579876 -0.1663312850465871 -0.3692743272766314 0.008574350329343986 0.9999553516409035 -0.003971805778966729 -0.045830374271282226 0.16636006398184222 0.002490128179874232 0.9860619292790924 5.24375704825531
0.9839076523941215 -0.010465209830442542 -0.17837099243849644 -0.46373537945591836 0.009749966417671679 0.9999405308047011 -0.004886001316628215 -0.054771774610977556 0.17841151788812187 0.003068262898875835 0.9839511756421863 5.6762678027273905
0.9821517173211661 -0.013281151924675686 -0.18762093477711655 -0.5516955327247398 0.01192542425515027 0.9998940015163894 -0.008352843101403832 -0.054793705736231185 0.18771198262076938 0.005966299950192687 0.9822059940997535 6.120819180313065
0.9808204655111885 -0.012425672322762512 -0.19451688127703406 -0.7128270067358382 0.010595271053457022 0.9998892876320002 -0.010447617435283304 -0.0565838936239351 0.19462516452329645 0.008186277914753716 0.9808435299211505 6.561118716776854
0.9790552044638192 -0.011582561788942255 -0.2032652229839501 -0.7837489278328753 0.009451519013936333 0.9998897579577483 -0.011451668853243972 -0.07121843837921171 0.20337545427272888 0.009290650870659575 0.9790567442215805 7.037825983163188
0.9773271263148453 -0.01207865705068096 -0.21139014691564742 -0.8914576007453958 0.009317898631388205 0.9998578588502359 -0.014051293908971899 -0.08322603320641513 0.21152982043736093 0.01176299873642619 0.9773007556154172 7.528667745702593
0.9756293697034113 -0.015473822226683202 -0.21887871938089756 -1.0118512583225026 0.012249637635418382 0.9997956702587827 -0.01607992878069001 -0.10465338043694153 0.21908281390817885 0.013006865782659683 0.975619568321888 8.018505393375083
0.9738754407044073 -0.020381054951898705 -0.226166395805929 -1.1270036538302557 0.01660711856066198 0.9996895037116413 -0.01857686146483738 -0.11031712639902107 0.22647478801382875 0.014335576996386332 0.9739115265907232 8.53112139063673
0.9707532648236415 -0.020446281469944406 -0.2392071244931738 -1.1802698046007272 0.015726575670380303 0.99964249901035 -0.021622881168467625 -0.11011173002301851 0.23956371522399816 0.017228573544947355 0.9707277695634768 9.064506371679988
0.9686207914305399 -0.014608090648374535 -0.24811361529767625 -1.3230180042397963 0.008781230712365796 0.9996594176564008 -0.024575163845663422 -0.1306940240700876 0.24838810840225578 0.021625271754913387 0.9684191733055869 9.595265997180578
0.9662118833650368 -0.010416465620529326 -0.25753852855090403 -1.4682579693530462 0.003520403541697552 0.9996231745364212 -0.027223440058713806 -0.13858783310592057 0.257725053502938 0.025396971742770644 0.965884460286636 10.136665761083018
0.9643577388812804 -0.012974175765290067 -0.2642836018806209 -1.6742722445593032 0.005674403225083196 0.9995815063092036 -0.028365708040918727 -0.18150636723352093 0.2645410225424831 0.02585503834525879 0.9640277819566947 10.665217056468412
0.9621531141037577 -0.016485951768016982 -0.2720102910088936 -1.8652297795950787 0.008593973453902263 0.9995075516231304 -0.030179427903936656 -0.21479807845469584 0.27237387657540546 0.026699581319523706 0.9618209831962753 11.212818894314523
0.9597006463971633 -0.015089698923122431 -0.28061890579801513 -2.0143012839132823 0.006051850238871611 0.9994355228174899 -0.03304558728812611 -0.2251475192799101 0.2809591507916271 0.030015607888902777 0.9592502378782656 11.783196151432016
0.9576481813713098 -0.013335907422277428 -0.28763190763447294 -2.2361898594261964 0.003157499358420315 0.9993532033036919 -0.035821854285503475 -0.2537197900899355 0.2879235851993083 0.03339653604604322 0.9570708858105044 12.347354641172142
0.9555298315461084 -0.013575486506817001 -0.29458181748296647 -2.4607722614262006 0.0018319014683705003 0.9991938049600573 -0.040104666392498954 -0.29695543596635193 0.29488876744032644 0.03778156025823492 0.9547843570890653 12.91938812636646
0.9537466920574382 -0.012834569738812968 -0.30033734567834247 -2.656589196951376 -0.0012714395472332763 0.9989069955366511 -0.04672470127693816 -0.3309212658657457 0.30060876705607 0.0449453900590581 0.9526879242865786 13.517520466149032
0.9519056927677149 -0.011116231003548218 -0.3061894535817507 -2.862089870517567 -0.005549062901311552 0.99855222368932 -0.05350387337409962 -0.37334736130767504 0.30634092116028633 0.0526297061875716 0.9504658615906613 14.125013589642792
0.9498270872158076 -0.006939964412742871 -0.3126984830233146 -3.0069876514375955 -0.01343340127658945 0.9979261472093871 -0.06295195347224117 -0.37593563866430146 0.3124868767184869 0.06399407480211683 0.9477640583335849 14.765202803155693
0.9482913684473712 -0.0036707715845406014 -0.3173799079402856 -3.2296222115937896 -0.019625842315600488 0.9973416375774398 -0.07017466970178635 -0.4277782852831432 0.31679379230283794 0.07277488158922508 0.9456984243235586 15.394092314783629
0.9463781912348711 0.00029572130699396636 -0.3230607244836799 -3.4154615083671316 -0.02606945012505064 0.9968083151448544 -0.0754557262787581 -0.485076893239554 0.32200730259605825 0.07983166919829462 0.9433653595865312 16.04923258620194
0.9447579396384395 0.004433005996763078 -0.3277388959949078 -3.6785724770796717 -0.0322970623163828 0.996301519333962 -0.07962526193722173 -0.5515825107657301 0.32617378076090114 0.08581160195843071 0.9414069437355281 16.708208705660336
0.9429915195422159 0.00663378225168903 -0.3327506378724123 -3.9405901534622925 -0.035988207858605986 0.9959714669321595 -0.08213212497024786 -0.64053673482215 0.3308652942914779 0.08942499644976132 0.9394313849576105 17.340498363801494
0.9409096429386109 0.009264044658275895 -0.3385309753947237 -4.1936684852875175 -0.04029493866011009 0.9955870824603713 -0.08475068823569572 -0.7266658461631403 0.33625193195506237 0.09338382469472763 0.937130780383332 18.009131869519784
0.9390693246073363 0.012717256034960047 -0.3434924671378694 -4.469136800660921 -0.04498112706872685 0.995268390977886 -0.08612507258584583 -0.7939242192919449 0.34077192048222865 0.09632809205642709 0.9351980522283088 18.68921215505555
0.9369333090960711 0.014775986099377601 -0.3491957109431254 -4.720397522401831 -0.04840483547453 0.9949636080022052 -0.08777465838109869 -0.8478231743653832 0.3461400673267511 0.09914176206839354 0.9329297748517874 19.391396417103994
0.9350009137619579 0.014310167204383918 -0.354356473595282 -5.0254435352409415 -0.0481162615846889 0.9950653076868186 -0.08677475905614541 -0.9280792138328561 0.3513660721176923 0.09818478778670821 0.9310755236885266 20.08528326494442
0.9325647222135683 0.01294768776207678 -0.36077055903211336 -5.313589551213293 -0.047017835672602724 0.9952005366525178 -0.08582083066019304 -0.9954732691890236 0.3579278726383185 0.0969961299648456 0.9286976842656876 20.7972281018573
0.9298730468488219 0.010945950489752573 -0.36771769458643383 -5.615295659338067 -0.04474261801530689 0.9955019421196811 -0.0835103668359807 -1.08581815525785 0.3651495787717996 0.0941066915995864 0.9261801745443259 21.51979788050806
0.9267903152660689 0.009337023431886958 -0.37546308942750967 -5.914867719651414 -0.04277753285182277 0.9958096847313954 -0.0808279313002079 -1.1609953091109797 0.37313508842258386 0.09097192857465614 0.9233061864838115 22.25164111549979
0.923466296902832 0.008670270490046985 -0.3835815752798839 -6.249347616570027 -0.040854851161840386 0.9962828353489864 -0.07583793988189017 -1.235845814132097 0.38149820395529016 0.08570494967395276 0.9203878432379872 22.998967672020026
0.9200107979035062 0.008038366760020284 -0.3918105618800785 -6.6161625267503075 -0.039075316061069856 0.9966888930392053 -0.07130476959511274 -1.2938302176882936 0.38994006131158093 0.0809112795110549 0.9172786454683249 23.716678936306486
0.9167904684926194 0.008135137234582842 -0.3992856827175935 -6.97744961686793 -0.03784810772290348 0.9970624801193894 -0.06658777275122675 -1.36099704963891 0.39757107241709166 0.07615924290818593 0.914405277815464 24.459238669072178
0.9118706664553031 0.008466508928517968 -0.41039030919957414 -7.300715547417206 -0.03886118972124113 0.9970772662878464 -0.0657779065143107 -1.4195352177093896 0.40863393837493345 0.07592919911680275 0.909534529927079 25.223872715757302
0.9078978971344859 0.008611594175417462 -0.4191029095872911 -7.667676678495509 -0.03958864092520998 0.9970818490960895 -0.06527270266212498 -1.4916116182423074 0.4173178020267893 0.07585266408559006 0.90558943537491 25.979932059439363
0.9037537133216069 0.0075823913558635695 -0.42798566915111763 -8.008585248371272 -0.03903435202761806 0.9971370713961358 -0.06476094663700872 -1.5521140793475887 0.4262693338948839 0.07523408927383991 0.9014623046982875 26.757268886925022
0.9000643063130537 0.007758089433860455 -0.43568802663090767 -8.408553686281262 -0.03909192050927164 0.997247599803588 -0.06300036854558584 -1.6195991064006172 0.4340000763272925 0.07373626471634677 0.8978902477550278 27.52044621715142
0.8960834767051424 0.005679824423568932 -0.4438492338289417 -8.784558876824079 -0.037250969501326524 0.9973531282221626 -0.062442796995951656 -1.6682002709603645 0.44231975769485254 0.07248777289987532 0.8939232376064419 28.304976384595793
0.8925069638972369 0.0050946134398971625 -0.4510048384539026 -9.215112035975123 -0.03563469380834607 0.9976069720994334 -0.059249454139138596 -1.743073254970735 0.44962371822682906 0.068951969750679 0.8905527148211849 29.078394323859836
0.8885036395169701 0.0048197523512057945 -0.45884425740371626 -9.61065761185028 -0.03362137129753852 0.997940913230418 -0.054621763912494924 -1.8069718042230185 0.4576361938889552 0.06395860917900278 0.8868361801114781 29.883097632045555
0.8846506398554143 0.001825580587631407 -0.4662509116976826 -10.051595725727958 -0.029808628377635902 0.9981680476261352 -0.052649732881308996 -1.8549331724040148 0.46530064590289133 0.060474920039197515 0.8830844200690013 30.67598153613253
0.8820697642427563 -0.00018256500289819333 -0.4711187723692873 -10.526655096265493 -0.027833916505055907 0.9982329544416565 -0.052499921511092604 -1.894987625693026 0.4702958686834446 0.059421673964144564 0.8805060252846556 31.461013381168893
0.8790573320180978 -0.001885956296774704 -0.476712334845729 -10.962455871979751 -0.025929309240036225 0.9983227158507461 -0.05176317164475676 -1.9641470600351791 0.4760103758822448 0.05786361711159007 0.8775340015447873 32.278239891673984
0.8762766940146882 -0.0023867279091639693 -0.4818023028759538 -11.461936991721894 -0.024977904218380063 0.9984180101380052 -0.05037441148959455 -2.015552027680855 0.48116032653113 0.056176334536468475 0.8748308177073454 33.07532969274942
0.8729182180775235 -0.0014958718344599744 -0.4878642709973878 -11.899418509913154 -0.02615472399035707 0.9984137462073962 -0.049859019215189634 -2.080430872012772 0.48716497714978174 0.05628280156111029 0.8714944241285109 33.92163280706439
0.8702148923764997 -0.0028524804228879552 -0.4926640888491781 -12.384701695418554 -0.025447595971461883 0.9983881536789406 -0.05072981818249009 -2.127971483704622 0.49201469586327223 0.05668295995263776 0.8687396509343743 34.75935130735592
0.8682091483003989 -0.003410440618475253 -0.496186702464184 -12.880499173397373 -0.025417036162091275 0.9983579565409465 -0.05133580508884321 -2.2009859634548925 0.49554702004979206 0.05718181097318129 0.8666968278548144 35.59521181626913
0.8665022548958384 -0.0032625207921409627 -0.4991624968069067 -13.372763030056054 -0.026019378637497908 0.9983240398779603 -0.05169239148140601 -2.257201072829439 0.4984945678698456 0.057779471785654936 0.8649651429071729 36.472337718981805
0.8663282213728595 -0.003685535826707349 -0.49946153973915264 -13.935198293166426 -0.025205796268227425 0.9983760692649882 -0.05108710359254379 -2.305216355008399 0.49883873214438834 0.05684752540490017 0.8648284674823775 37.32742176662346
0.8664444616012794 -0.001862582749564246 -0.49926999283550655 -14.468520448605275 -0.026110716687789193 0.9984555608453952 -0.049037980086419075 -2.38085599119196 0.4985902380056363 0.05552498358763455 0.8650576574790118 38.205890577774476
0.866334724863659 -0.002830629441551008 -0.49945583591782183 -15.025057402410964 -0.025091113144884217 0.9984746814567113 -0.04918075366510231 -2.4509177024746673 0.4988332191590264 0.05513889758493099 0.8649422647995417 39.085607323140174
0.8659801048288914 -0.0035390342984981727 -0.5000659289301501 -15.575666156312678 -0.025097768809073547 0.9984072194286353 -0.050528469139535584 -2.5016238337269177 0.49944825561948575 0.056307188075882336 0.8645119666781019 39.983683432425586
0.864911194057677 -0.0057135397359376625 -0.5018924006770841 -16.124861091978328 -0.023668222512891496 0.9983586055287191 -0.052152756493106835 -2.5631609987981347 0.5013665741119987 0.05698640390860723 0.8633563042757971 40.89300840010117
0.8634301280444429 -0.00751473080523415 -0.5044124728890822 -16.67773399385043 -0.021235262418235715 0.9984613676286924 -0.05122461305922777 -2.6268568692180683 0.504021306707548 0.054940205441587356 0.8619420492184217 41.8065650292003
0.8612311442076326 -0.009424928588047677 -0.508126054210882 -17.206254844028535 -0.017389859689636716 0.9986960145192678 -0.04799857667996451 -2.70868832927736 0.5079158483713475 0.05017410990180001 0.859944213114302 42.73503940807544
0.858252358846132 -0.012063388001332323 -0.5130861167532975 -17.741735067641898 -0.013436888598537726 0.9988528746264458 -0.04596068836813266 -2.7677355418411516 0.5130519842665462 0.04634015019841262 0.8571057413876937 43.65845366693677
0.854911291466398 -0.015590803173738082 -0.5185398833066287 -18.41032443844602 -0.009478080163655339 0.9989120533170366 -0.04566043948922877 -2.8333329397318514 0.5186876224855056 0.043950387874693006 0.8538334226803242 44.48845984986478
0.8493246667418323 -0.01914025420809519 -0.5275237067020997 -18.95106902627027 -0.00794751690988711 0.9987654852487255 -0.049034094779469746 -2.90615153936054 0.5278109959434734 0.04583836978694238 0.8481240454181416 45.40302947701784
0.8433476029243169 -0.02151169734224687 -0.5369376756377428 -19.53327077140023 -0.008347155883586692 0.9985534464864108 -0.05311628280257635 -2.964680827863358 0.5373035879560663 0.0492773922561224 0.8419480939950951 46.3063641455206
0.8368843562912963 -0.02231240040143593 -0.546924794631974 -20.108650590063107 -0.008087173306702097 0.9985558198889877 -0.053111883733649425 -3.028615613926643 0.547319990337288 0.048871580229775134 0.8354953002997894 47.213559934008686
0.830763808669611 -0.021976307677582522 -0.5561910967514858 -20.698566915861235 -0.006255398827326068 0.9987886022675329 -0.04880776542699831 -3.095666858215577 0.5565899425881428 0.04402692223317505 0.8296199527062986 48.11484827850291
0.8245551226292407 -0.019737814729498395 -0.5654372364954225 -21.266572532124734 -0.006748182216292287 0.9989771229387552 -0.04471207758291531 -3.156881459681598 0.5657413824201413 0.04068324611813725 0.8235785097382262 49.025408669812286
0.8201203744021753 -0.021199756990647623 -0.5717981652593609 -21.88979503656565 -0.006485039630321041 0.9989048427155091 -0.04633637297518274 -3.213202429233783 0.572154276180321 0.041709537315097966 0.8190847323357531 49.88851558673283
0.8163351757193845 -0.022158361456016153 -0.5771532620550485 -22.48962768972736 -0.008356605719774026 0.9987061055423645 -0.050162554692183677 -3.2836361071732956 0.5775180066664963 0.04577250015005291 0.8150937554698654 50.761731189423195
0.8131998316166635 -0.02000491963051907 -0.5816406425355816 -23.12040801524583 -0.014386167868514163 0.9984127024726985 -0.05445285773234831 -3.3604369115561563 0.5818067308244954 0.05264863466165971 0.8116212474027371 51.60869379906659
0.8102715992730916 -0.020036481350418883 -0.5857119384360526 -23.756261028666124 -0.015901765165749596 0.998295765035981 -0.05614890360315616 -3.4145061076823255 0.5858387741316188 0.05480971561974671 0.808572090662078 52.464565621349934
0.8064533068278468 -0.020206213908238527 -0.5909524285641967 -24.368929807603877 -0.014003070070751286 0.9984830101203289 -0.053250281967688294 -3.476677552545961 0.5911319462988124 0.05121901424802322 0.8049469762937419 53.34095306208803
0.8034225121096753 -0.021679854228497927 -0.5950144964250927 -25.03192283607295 -0.009923694903967282 0.9987104865057005 -0.04978839646943232 -3.549469201302316 0.5953266223803781 0.04590586089134479 0.8021713436797615 54.18611181434038
0.8007039556203713 -0.021046224418416307 -0.5986904307666999 -25.697477508987486 -0.008961816264192493 0.9988500188560472 -0.04709910488022301 -3.6273521771997124 0.5989932063914705 0.04307779322343537 0.7995945487732286 55.02778297155262
0.797270338869619 -0.019680876899220205 -0.6033014750878685 -26.340594028455133 -0.010870344686621352 0.9988381219809995 -0.046949352326319 -3.6783366253766014 0.6035245167887673 0.043989421023066376 0.7961300700720576 55.88863637923648
0.7938749436420022 -0.01943259277751228 -0.6077704732835812 -27.00197346129281 -0.012515448026479362 0.9987553526826892 -0.04828156012776102 -3.7470380182812377 0.6079522492910955 0.04593604059578431 0.792643641718193 56.73820310758291
0.7895990604280125 -0.02086254397589777 -0.6132683572711468 -27.656933594161366 -0.013394526402687061 0.998597733880441 -0.05121672140319657 -3.8140669581896125 0.6134769029341249 0.048655114301568915 0.788212388521428 57.58616207362818
0.7854398232412116 -0.021611945001289795 -0.6185605935557751 -28.33371661419222 -0.013288739744522344 0.9985709783523565 -0.05176302337013349 -3.8911505164096707 0.6187953566913821 0.048876630670249034 0.7840302172183853 58.431125382210304
0.7809209052908475 -0.022746203096147243 -0.6242156277476789 -29.008788208714545 -0.012065528837505739 0.9986009740619117 -0.05148317799504176 -3.967563705860698 0.6245133807162122 0.0477357816245502 0.7795539317193516 59.26230099919868
0.7762273870209457 -0.021856250317810997 -0.6300740813274874 -29.69467916954482 -0.01257771401880287 0.9986631337742541 -0.05013727505802958 -4.048431550850226 0.6303275694023659 0.04684281761624279 0.7749147731777191 60.09546447817929
0.7709981616037065 -0.024018632319605264 -0.6363842707870752 -30.40752994290729 -0.011702217387329863 0.9985854600255542 -0.051866531923475935 -4.12939052103964 0.6367298429569034 0.04743610784038864 0.7696264826271452 60.909261575514606
0.7657905054259521 -0.025682929796672062 -0.642577068464571 -31.13026051322298 -0.011334658792319853 0.9985079580077929 -0.053417069417604164 -4.195809692905003 0.6429902233389909 0.04818967640649628 0.7643568065885924 61.723585352301136
0.7608684995338376 -0.026436498601353654 -0.648367363428191 -31.855441993723122 -0.011329675124886836 0.9984762609083921 -0.05400735934998181 -4.2791520991603775 0.6488071862107334 0.04843829006162728 0.7594096175169338 62.53639919111552
0.7544767814318463 -0.026666523739624422 -0.6557847838977989 -32.54432018457276 -0.01203101706746196 0.9984444575325331 -0.0544418942624636 -4.365996894160338 0.6562164588827095 0.04896490308585372 0.7529823353553717 63.3836166670148
0.7484293354274106 -0.028701471133705563 -0.6625932050862292 -33.29090962658325 -0.01169224448563087 0.9983368618530001 -0.056451764227425566 -4.434653474450773 0.6631114697323298 0.04999735813282395 0.7468490094317369 64.20551388988532
0.7419534422911653 -0.030496712603059632 -0.6697574486280035 -34.026051601357715 -0.010898636059406584 0.998284328471018 -0.05752929046329101 -4.508426589634822 0.6703628190795883 0.04998349777248141 0.7403481213227294 65.03229114919083
0.7353698077215056 -0.03212768913952757 -0.6769040238336492 -34.773940545413694 -0.009107193668477292 0.9983168079559583 -0.05727660932795966 -4.58328749250962 0.6776048294656101 0.04828418522846711 0.7338394460246083 65.82957560682223
0.7294785209462292 -0.034116203864750685 -0.6831523783988137 -35.57144419390969 -0.0071889073843340355 0.9983177925011083 -0.057531771972801675 -4.6613910357455985 0.6839659400063126 0.04687931110383267 0.7280061284781265 66.6031725502841
0.721739161105627 -0.038610341524389996 -0.6910874220052852 -36.33236627060459 -0.0055578621509146395 0.9980875099704821 -0.061566489336573924 -4.7109403717727805 0.6921428273809206 0.04827591499173475 0.7201442512003101 67.41831787502171
0.7153993162628629 -0.041176690299735544 -0.697501468433281 -37.15255469358184 -0.005994932295646471 0.9978635289298337 -0.06505719344135277 -4.764426366163213 0.6986901166306821 0.05072334578529718 0.7136240348495474 68.18807273113316
0.7077589725334551 -0.04059786631905915 -0.7052865021030268 -37.906331227916716 -0.007105279794903122 0.9978878301452467 -0.06457084053226708 -4.8438441464739475 0.7064182555663616 0.050711849683750296 0.7059756061679683 69.02632759098226
0.6997413243557411 -0.04174562776317729 -0.7131755615215142 -38.673590184736014 -0.005965272747989647 0.9979149932232718 -0.0642657126408418 -4.932466969986743 0.7143713981605877 0.04922366161564546 0.6980333348968617 69.86598680724691
0.6944947778866282 -0.04263328313236895 -0.7182335321172041 -39.50874130323476 -0.005534973954091964 0.9978968128934399 -0.06458571730992096 -5.017547989860245 0.7194764537853399 0.048829847291027066 0.6927981513124912 70.6368484430335
0.6887762867142934 -0.043763452562748224 -0.7236518410671352 -40.30635790336295 -0.0061114836190509685 0.9977903665615487 -0.06615915783123742 -5.097272558197306 0.724948188926658 0.049991445435723196 0.6869868839761095 71.45231175269458
0.6846060960411761 -0.044300792913782694 -0.7275657585472716 -41.19222567805184 -0.007272317603481874 0.9976866014127519 -0.06759111449104235 -5.1943391645303825 0.7288769489152005 0.051564378292359374 0.6827001598296205 72.17344583414389
0.6795981522066061 -0.047391907532366016 -0.7320521556677548 -42.05813391177591 -0.0075842437802062495 0.9974037901362789 -0.07161116301291585 -5.263257659371117 0.733545384256248 0.05421887606935414 0.6774743410005489 72.92957604233143
0.6746557401154364 -0.04713693978277787 -0.7366259167563981 -42.934968953081764 -0.008663110086373244 0.9973845014269516 -0.07175727724027334 -5.358184223196781 0.7380816911785046 0.05479293039454215 0.672482826491395 73.68099290357586
0.6693183855519382 -0.04822581028525558 -0.7414089087571534 -43.781071055811516 -0.007163356397864769 0.9974259351876407 -0.07134556846905712 -5.463014147293874 0.742941172023237 0.05306387695397472 0.6672500579807772 74.4741033121383
0.6643562426749094 -0.05141891650914312 -0.7456452761493879 -44.66675283465663 -0.0037354734937479796 0.9973898926721436 -0.07210719959354539 -5.560388140518505 0.7474067360257404 0.050690206356572724 0.6624301275779019 75.23143791804657
0.6590528875883072 -0.05259798681302097 -0.750255118706114 -45.55256746714706 -0.003718389388764673 0.9973114730142422 -0.07318469358077986 -5.658026532055085 0.7520874051211495 0.05102232430394233 0.6570854263189511 75.98998478223096
0.6542673798570363 -0.05284285696306065 -0.7544148912388883 -46.43176152362549 -0.0039896942168706215 0.9973007932327548 -0.07331582474043669 -5.7651098516686865 0.7562527870990365 0.05097803728368077 0.6522905500769127 76.75511902743081
0.6489473495496498 -0.054414958764776415 -0.7588849384294734 -47.293798761266075 -0.003033259491474938 0.9972461871152984 -0.07410021336577392 -5.8649255709915815 0.7608272713627832 0.0503890320072118 0.6469952152868185 77.56134142762386
0.6442790790767913 -0.05550273366787245 -0.7627738294011848 -48.18890988262242 -0.0026822715388216075 0.9971930219845266 -0.07482567958098192 -5.971550058047632 0.7647857697965814 0.050254586464891574 0.6423217284631523 78.33869210486625
0.6397535040851238 -0.05825208655723173 -0.7663694594792558 -49.081390817623806 -0.002329857358064332 0.9969720964214528 -0.07772522577452384 -6.064198675678097 0.768576623229911 0.051510517069223126 0.6376806731082315 79.12245805285787
0.6359819711998069 -0.06149231902443969 -0.7692500419303177 -49.96932220571755 -0.0023141548161418122 0.9966637369077488 -0.08158455871405072 -6.19249019429752 0.7717004451186292 0.05366647215977928 0.6337178652757327 79.91036762329615
0.6312639012398787 -0.06696895840177852 -0.7726713697310007 -50.894265500796706 0.00018748349731448246 0.9962781613414602 -0.08619623010326824 -6.314183534905093 0.7755680833049686 0.054267705356488005 0.6289269944230391 80.67202661781789
0.6258436366668739 -0.07396827833343723 -0.7764331498873297 -51.875439766709384 0.005193999787974923 0.9958659624462041 -0.09068631212755221 -6.456547622745084 0.779931256464171 0.052722657761923516 0.6236405667920726 81.3513509966129
0.6185673984394269 -0.08068934503566068 -0.7815776373371919 -52.86679937112704 0.008544753420057751 0.9953450546554902 -0.09599588200463287 -6.574253235871211 0.7856852809979744 0.0527015348028268 0.6163774715647544 82.03304215069329
0.6098163326241596 -0.08517451490652961 -0.7879526270501603 -53.841030342249205 0.012134140985536748 0.995095199378363 -0.09817487864355642 -6.699255001804069 0.7924498741796604 0.05030751618368526 0.6078588246690739 82.75197528732353
0.6038170848463541 -0.08532565154701076 -0.7925430343115254 -54.8334039665347 0.014502008894282093 0.9952658214347654 -0.09610221861023854 -6.853255981305807 0.7969909784844975 0.046534695355814656 0.6021959003036006 83.44925012260441
0.5935874150585837 -0.08654052925331554 -0.8001029418022498 -55.80524085582404 0.014134216177272398 0.9951690703957475 -0.09715320509750218 -6.9563740453912954 0.8046453906020457 0.046360091934978837 0.5919430185910306 84.18762621029663
0.5836973831584031 -0.08620590910256998 -0.807382131415987 -56.785696058547884 0.012067689135879267 0.9951593275281236 -0.09753093720810581 -7.098632253722002 0.8118816020658111 0.047185316249566796 0.5819122014165709 84.91070987541103
0.5744092442988715 -0.08641798039117489 -0.8139938284342823 -57.80775896251611 0.010298094090405241 0.995095861774446 -0.09837771667139567 -7.232512518197919 0.8185034937751337 0.048126484854840126 0.5724822024599682 85.58228903590954
0.5641535470761873 -0.08825880399898502 -0.8209391931428385 -58.82442274127158 0.009531962853690533 0.9949003952608061 -0.10041088185076218 -7.350593814563434 0.8256148720835326 0.04882199326697987 0.5621178666151172 86.27354931114259
0.5548235749352778 -0.09230955734873779 -0.8268311474044188 -59.86447082999853 0.012790800488375198 0.9946545917648146 -0.10246286402417713 -7.484981876046279 0.8318696990027348 0.04627298027197761 0.553038529559965 86.93071147819902
0.5444038017142022 -0.09430987912013859 -0.833504737466715 -60.90141549641284 0.014290152955845344 0.994558049213469 -0.1031992164369382 -7.628304125131456 0.838701551332545 0.04427113557437542 0.5427888856151507 87.60242011898092
0.5350001375669633 -0.0952913412656875 -0.8394607871027123 -61.95425021051431 0.014708236965465856 0.9945187233298226 -0.1035189678840958 -7.785461626956762 0.8447239315709564 0.0430356738788587 0.5334692214224722 88.24914597217288
0.5248367415657439 -0.09515506176623836 -0.8458675480965714 -63.018549976025845 0.01343140688659895 0.9945340404340743 -0.10354535106378446 -7.947742646004407 0.8510969345566318 0.04298321344594333 0.5232460715095387 88.88049377100484
0.5153111404679994 -0.09393841557376174 -0.8518391882210227 -64.09733922108222 0.011323969151655691 0.9946339574600415 -0.10283510290766393 -8.092026699392653 0.8569283495323391 0.04334587346990659 0.5136097146870497 89.50658798555126
0.5052734866564347 -0.09515375601297568 -0.8576971880557046 -65.17924277517483 0.01072676042480376 0.9945180270935675 -0.1040136067863635 -8.233323445930232 0.8628926006710426 0.04335500550735635 0.5035242826365204 90.11742418659347
0.49582432503560936 -0.0941088183952545 -0.8633086174730454 -66.26833706357978 0.010207860570652049 0.9946738045208601 -0.10256618440094584 -8.395914372236017 0.8683628494388445 0.042042275155469704 0.4941441174538085 90.74206071047173
0.48755644991824443 -0.09329612478910299 -0.8680924727484071 -67.37865643690284 0.011470924325888018 0.9948730498558406 -0.10047901554876366 -8.54845221971589 0.8730161086934335 0.039031369049465386 0.4861269650944086 91.33591209043028
0.47966617190712163 -0.09451267526089421 -0.8723460997465317 -68.49202259431272 0.013653881936635285 0.9948656529039202 -0.1002791313290935 -8.689019795666397 0.8773448210572766 0.0361895963929744 0.4784938641998344 91.93466581029409
0.4696608343632265 -0.09428728966682227 -0.8777975892382667 -69.54360077682502 0.01323351883549313 0.9949207775392398 -0.09978737595480476 -8.841283102745638 0.8827477412287529 0.035249871318915466 0.4685230751281469 92.63568180111412
0.46178500919146986 -0.10005576466806772 -0.8813304994397456 -70.65574463235271 0.015362215773604618 0.9943704702476804 -0.10483973591121225 -8.988756350441923 0.8868588431157215 0.03487422911113831 0.4607224549892794 93.2333215849864
0.4551459463839392 -0.10503002458034918 -0.8842006906957878 -71.78866241154921 0.015852852918650958 0.9938172651958448 -0.10989053850533283 -9.140377560824687 0.890275718271932 0.035999129646480464 0.45399692523198004 93.79822248364341
0.4495930712256655 -0.1064686677637474 -0.8868655439752267 -72.92855876964686 0.014296237835701713 0.9936014237105661 -0.11203494269236614 -9.299060355780695 0.8931190782250791 0.03769129322469347 0.4482384170566325 94.34501584212694
0.44314344863792204 -0.11059756528444138 -0.8896021933889504 -74.05254945367183 0.014071156984874706 0.9930963044138906 -0.11645485262787825 -9.458094339340125 0.8963402738192637 0.03908847288687413 0.44164035687081393 94.93096547380812
0.4393875534028251 -0.11358953500240856 -0.8910869741235163 -75.1923759517842 0.015836761792290967 0.9927983585377337 -0.11874601576775885 -9.618067182337592 0.8981579899386355 0.03806358919912135 0.4380221321881704 95.4596827306602
0.4341999262659952 -0.11579330826120524 -0.8933433459720396 -76.3176788680881 0.019846931901859086 0.9926929481220974 -0.1190244094408458 -9.783863440494134 0.9005978699312384 0.03395026525058281 0.43332534678314377 96.03041949228346
0.43066072421979507 -0.11946855601887821 -0.8945717437619163 -77.5037078559341 0.02459626923571193 0.9923854364890502 -0.12069038480393411 -9.95557702481998 0.9021786764018326 0.029973481065799567 0.4303199115525984 96.56470656218875
0.42699387708421255 -0.12334890738706394 -0.8958020294568438 -78.59293186189645 0.02788491416229308 0.9919775538546814 -0.12330030093492596 -10.114801872671801 0.9038244633194825 0.02766911084404211 0.4270079153954293 97.08664758041098
0.4214339124962805 -0.12017179304415593 -0.8988616120152312 -79.62751717888713 0.028754346423131454 0.992453460355901 -0.11920283800889855 -10.358568304066006 0.906403136005085 0.024389940224409993 0.42170900613574486 97.75354671701008
0.4187682645066501 -0.1229493500063677 -0.8997314032393723 -80.75735441022478 0.03128887706938305 0.9921572580840735 -0.12101645095948566 -10.510759276722593 0.9075539360356618 0.02252626387363758 0.4193309201836586 98.26631940787236
0.41645013860647523 -0.12628082180683195 -0.900345731426783 -81.89245923251316 0.033607730074192196 0.9917680302330453 -0.1235584666743862 -10.657042058966729 0.9085371772987083 0.02119736425730905 0.4172659454288585 98.76277367996349
0.41370806789341463 -0.1302590030801924 -0.9010428550720778 -83.01606002026583 0.03512569833481983 0.9912583677202372 -0.12717324302345479 -10.82213952032149 0.9097317296194443 0.020962837144966412 0.4146670225403132 99.25135781811353
0.4107362012703633 -0.12973500083972225 -0.9024769263106388 -84.07678827376044 0.03571822480061721 0.9913545154111624 -0.12625542836247636 -11.018862004176565 0.9110543240570679 0.019622801304032395 0.4118190916967088 99.8077317521122
0.40996616701625527 -0.13448064198995174 -0.902132306722223 -85.18795565755306 0.03903685020490754 0.9907516456142939 -0.12995114866229104 -11.177903981751149 0.911264981346302 0.018059170593915718 0.41142435529436566 100.2403289128121
0.40956416563623543 -0.13560848578107082 -0.902146070661979 -86.28823716398463 0.04250706542982691 0.9906528801536394 -0.12961489278568253 -11.407699335320704 0.9112904825659245 0.01473803336490793 0.4115002390731994 100.65845975724535
0.4093253514913995 -0.139073470341415 -0.9017268580194486 -87.38718058367313 0.04328069704554839 0.9901616921520408 -0.13306616646563282 -11.576500029425913 0.9113613651508881 0.015439988400384007 0.4113174794103775 101.07840840402129
0.40899917355990245 -0.13813771347042214 -0.9020186517719407 -88.43676551791253 0.04280266224676039 0.990292038668329 -0.13224829017690184 -11.783228091839637 0.9115303659955071 0.01548064169499039 0.4109412872915167 101.5692108387181
0.41036502706187183 -0.1379089135793818 -0.9014331234871795 -89.50768333080487 0.04178135802465684 0.9903040480548204 -0.13248475583194966 -11.974899934216443 0.9109636999826728 0.01670401034456093 0.4121481691725542 101.98118569782821
0.41125130175110003 -0.13744631616887246 -0.901099815214508 -90.55167832275613 0.04070994655916844 0.9903492863392026 -0.13248015435748134 -12.153374230594471 0.9106124680999991 0.01779891061384168 0.4128778653812643 102.4356248224786
0.41788316789299257 -0.13225374282418798 -0.8988228999645587 -91.60544581490285 0.04131807781825817 0.9910903594379987 -0.12662036121597092 -12.403852629760225 0.9075607276855461 0.015774883139116798 0.41962444950792627 102.79099768971408
0.42172852360600976 -0.13070579306115346 -0.897251942342472 -92.62348826269815 0.03947104210093447 0.9912639277059772 -0.12584856957623963 -12.56902723896289 0.9058626216002942 0.017658462253970796 0.42320336659609387 103.2618912106747
0.4293697913761705 -0.13083553135023668 -0.8936015029026495 -93.67358451571394 0.0369134753943615 0.991166380156492 -0.12738368098695627 -12.70369961999391 0.9023740785217016 0.021708767440336795 0.430406496034077 103.64941682530375
0.4349326394099201 -0.1280352630640723 -0.8913139573618394 -94.66781175220034 0.03706195437927414 0.9915462154862125 -0.12434835782011333 -12.898211999894684 0.8996999559372588 0.021049322247636414 0.4360010496769595 104.14071664806268
0.439418172407904 -0.12727319153093045 -0.889220560083502 -95.64628816512284 0.03731789478374763 0.9916436546521422 -0.12349184959766751 -13.058784471581522 0.8975071278193859 0.02108072355673767 0.44049580997748683 104.66402865716113
0.4470468048668492 -0.12671739381113864 -0.8854896139221752 -96.64428006792622 0.03742256070794121 0.9916979630783982 -0.1230231765815597 -13.216166100271426 0.8937274227684848 0.021859829182102566 0.4480774951498144 105.13832679065293
0.4580948960708345 -0.1260353637015894 -0.8799228109842642 -97.65332580094628 0.038495831524478184 0.9917812944646802 -0.12201612559495169 -13.404916792171296 0.8880693312737958 0.022021604087189898 0.45918178513998237 105.56851779761416
0.46996478329358143 -0.12376981390800519 -0.8739646077668045 -98.65397720056542 0.037720822887727865 0.9920320331104342 -0.12020642579933749 -13.56663131741832 0.8818788136612004 0.023526122671567555 0.4708888186903116 106.01850088792797
0.4797902185885036 -0.12269387956545914 -0.8687620836937823 -99.62197055945316 0.03598206368757792 0.9920925681034046 -0.12023987444593973 -13.725737285979458 0.876645103356869 0.026430063018649256 0.4804110890989672 106.51877344983144
0.4895562910006499 -0.1199621992299068 -0.8636803278398788 -100.56549398161583 0.03220478843369381 0.9923029606193992 -0.11957293150172682 -13.878641890440125 0.871376778175563 0.030723038617633786 0.4896515141960413 107.0569828293801
0.4998193491332913 -0.11734218552537104 -0.8581441777044765 -101.49790852504132 0.029165285796659404 0.9924985496605337 -0.11872663991765432 -14.030322604759752 0.8656384951793495 0.03431385169093459 0.49949229748392016 107.60757879695716
0.513779155199028 -0.11344566444400508 -0.8503887704466829 -102.46389123882409 0.02742093740394544 0.9928836850328299 -0.11588822281628643 -14.177151207424526 0.8574841525502722 0.0362224959726321 0.5132337273705376 108.10631042991459
0.528010949303313 -0.11224083162386499 -0.8417876413515389 -103.4278299372719 0.028152622366063147 0.9929961308425499 -0.11474368821699593 -14.327098433000456 0.8487707978422221 0.03688739416263088 0.5274727034474576 108.60711566678499
0.5406059814996611 -0.1105657420454171 -0.8339786504777708 -104.36245018616185 0.028032420311620156 0.993142931395056 -0.11349582032615797 -14.453115402390475 0.8408087512498039 0.03797807928242162 0.5399984345493645 109.15893593452678
0.5517863190891996 -0.11045959361831333 -0.8266380926642919 -105.26717943067335 0.027637610384199717 0.9930674686370599 -0.11425044957037678 -14.572841616689017 0.8335274563913521 0.04019553348893119 0.5510138823380987 109.74897703761654
0.5635390731855247 -0.11096213086865171 -0.8186031508040253 -106.17174528547297 0.027170918577288827 0.9928912723511558 -0.11588210592049272 -14.707895714900754 0.8256424493549614 0.04306189501161337 0.5625479704177682 110.32853465967571
