1.000000000 0.000000000 0.000000000 0.000000000 0.000000000 1.000000000 0.000000000 0.000000000 0.000000000 0.000000000 1.000000000 0.000000000
0.9990364971149266 0.0011052461670641475 0.04387317931546636 0.05652542647585482 -0.0010124176014574542 0.9999972019753407 -0.00213800189190849 -0.009094178860566661 -0.043875419575624956 0.002091523941946463 0.9990348207568458 1.0007086245764936
0.9960161936550591 -0.00335403653856401 0.08910944066587603 0.14148866454250725 0.003984665342669112 0.9999682552524748 -0.0069000673495312175 -0.029679630697454884 -0.08908346883117109 0.007227650117369581 0.995997940085614 1.9966756401107442
0.9936004885273776 0.002460671376641039 0.11292481700021594 1.068974541485001 -0.0011190690772377083 0.9999280614891575 -0.011942341936802471 -0.03485553054050788 -0.11294607953601753 0.011739546111810172 0.9935317640491079 2.3744464593720584
0.9899072827755987 0.00553946729604241 0.14160821236745377 1.969071701947139 -0.003290967310185841 0.9998648485091874 -0.016107583613378457 -0.02098151547389489 -0.14167830123908562 0.015478986329045015 0.9897917255363533 2.795235423412254
0.9778557577045667 0.0009266720836170653 0.20927794533317656 1.1848609109207588 0.0023459300088597957 0.9998788330501883 -0.01538882161135287 -0.042166978401452504 -0.2092668481542647 0.015538999229099714 0.9777350999972014 3.413042862899351
0.9750513055859942 0.007295488581029324 0.22185970188705081 2.1705577610417395 -0.002894733201783736 0.9997926876179863 -0.020154461175954156 -0.014972057232927317 -0.22196074426514578 0.019009409037806364 0.9748702838702673 3.5249038722299644
0.9704032629013399 0.00894265398200297 0.24132454556092967 3.1388925776081247 -0.003127948496105322 0.9996957371359062 -0.024467306564098845 -0.04458269573339037 -0.24146992211999538 0.022988303374846933 0.9701359773863194 3.7345980538658625
0.9585163904146484 0.00747830255857188 0.28493929932059764 3.4344244184641877 -2.751352616440269e-05 0.9996581940658181 -0.026143723531132947 -0.08364575108797256 -0.28503741605178157 0.025051347826191575 0.9581889695788689 4.676227237024648
0.9446403198717774 0.007461990104932245 0.32802284185132136 3.7661193630885093 0.001555588982682997 0.9996282645334923 -0.027219715073367907 -0.12479933309063443 -0.3281040173717169 0.026223109072575797 0.9442775557721934 5.605274268405976
0.9278119561113264 0.010013096719563859 0.37291381308682603 4.079343145428336 0.00036482027579921844 0.9996148751653676 -0.027748301827190004 -0.15054098032984198 -0.3730480411462279 0.025881252717190915 0.9274509797044538 6.538646463671057
0.9092040806570888 0.01160367354596864 0.4161890129216939 4.488793224361236 4.331750241808006e-05 0.999608915801642 -0.027964505600132132 -0.19786837441501334 -0.41635073896906816 0.025443470873770246 0.9088480026659058 7.4295978243316645
0.8885677278542512 0.012851414445763827 0.458565408816097 4.958205160953723 -0.00011390764399703881 0.999613673672484 -0.027793712095529978 -0.2342797260959467 -0.4587454414389087 0.024644361500021868 0.888225914621543 8.28876624988187
0.8665183517027123 0.0120129402690546 0.4990006367015018 5.454297876163808 0.0018850389471109404 0.9996244603432692 -0.027338341419980764 -0.28610912768257524 -0.49914165603621935 0.02462981018034146 0.866170294838088 9.127844450961375
0.8423924138117954 0.00860209837392409 0.5387959029687408 5.955312927551202 0.006684074209619806 0.9996288526045763 -0.026409850291453867 -0.30055568991449 -0.5388231104029364 0.02584880933470631 0.8420222649975964 9.963669117350568
0.8171044360424108 0.010168756809208847 0.576399980035364 6.514241548855729 0.007060658878337961 0.9995928995473171 -0.027643846888405606 -0.35421199203702375 -0.5764464308988438 0.02665767355830195 0.8166999943335636 10.750775471950101
0.7898798419737277 0.0044223166339090155 0.613245691675977 7.114140049690546 0.01325107534984822 0.9996174601471681 -0.024276374749874565 -0.3641618855292824 -0.6131184585752002 0.027301583919491976 0.7895190810042888 11.510987881479124
0.7604186792971065 0.005741106059464968 0.6494077855071168 7.71047912842685 0.014142954998170823 0.999577386021085 -0.0253973655951403 -0.37683790286483476 -0.6492791456684572 0.02849717628936906 0.7600161195287701 12.269673478407789
0.7313139376570351 0.004768685411818239 0.6820243281789911 6.879028141027218 0.01775074657986014 0.9995037582087947 -0.026022073751945752 -0.4598500282866292 -0.6818099702882155 0.03113674623233943 0.730866381392416 11.79568646929633
0.699493322174092 -0.00020328253745700834 0.7146391053602235 5.924776549235072 0.022198116015245115 0.9995235999617069 -0.021443338475207706 -0.5129880132910213 -0.7142942922068067 0.030863113838341175 0.6991645960179744 11.819502922806201
0.667747981538834 0.002177184388226074 0.7443842374868987 5.052220789134438 0.02366816490094352 0.9994280228958102 -0.024154606616387207 -0.5808335457198621 -0.7440110557787646 0.033747398695457474 0.6673145150229061 11.443004266392476
0.6379814515486248 0.00493576387168093 0.7700359119644431 4.10148348236841 0.02596277184262126 0.9992730652612765 -0.027915506830065565 -0.5970424586682437 -0.7696139304600425 0.03780184226111531 0.6373895345575649 11.488943457897657
0.594911999947928 0.0037766145497862363 0.8037819663941815 3.338896234913971 0.030409883851377734 0.9991672916945231 -0.027202245715682652 -0.6039389949484983 -0.8032153828719288 0.040625858641667546 0.5943017653747349 12.060135543198465
0.5571367610196862 0.004477132986081554 0.8304086854078037 4.028321655223487 0.033093562697654705 0.9990713847965403 -0.027589566663844232 -0.5953814568063353 -0.8297610774364309 0.04285234370424785 0.5564712310718177 12.7173273601348
0.5210788227066008 0.0014785106118888093 0.8535072785472143 4.866684038191784 0.03641237665843775 0.9990495547810077 -0.023960924814235472 -0.5870252258454227 -0.8527314931165519 0.04356375900033918 0.5205297297455488 13.186133835288732
0.48584828279051895 -0.000321522166308337 0.8740431011872349 5.722344034960635 0.03935245634520131 0.9989939084946998 -0.02150709115806879 -0.5996897997915811 -0.8731568188413236 0.0448449262902585 0.48537212764735355 13.629215808671882
0.4520949875686248 8.860053666165363e-06 0.8919697988927779 6.5830462798874985 0.04307588414573929 0.9988329961831881 -0.021842938006990234 -0.6188243598424861 -0.8909290602625917 0.04829747050533267 0.4515670093379267 14.065411318288467
0.4208098068209366 0.001341279110730977 0.9071478972326793 7.477878242699002 0.04289484718167603 0.9988509099627128 -0.021375026360697207 -0.6378920128491663 -0.9061341724979716 0.047906791136608354 0.4202687245018443 14.457282509022473
0.38847476042050016 0.0017121260625130995 0.921457773932468 8.393665058294602 0.04260948562367575 0.9988951968761624 -0.019819621404512513 -0.6704377990547076 -0.9204736781956981 0.04696226444793909 0.38797261948081013 14.824483352997571
0.35667758020714435 0.0031454098779210796 0.9342222488114239 9.323931262449987 0.04311265507452476 0.9988735373141359 -0.019823103338533647 -0.6991294188297739 -0.9332322340928855 0.04734725810693435 0.35614018925102314 15.170661335371696
0.32571558588515054 0.007710758097062953 0.945436354981687 10.265750969491506 0.04435827819379654 0.9987409545502377 -0.02342752355164429 -0.7247000113089583 -0.9444266516078268 0.04956863840826485 0.32496345920607184 15.48362315974729
0.2955531517672935 0.009786717863864735 0.9552761666836813 11.220258620725165 0.04612857903889829 0.9986349552929394 -0.024502658282782846 -0.7531892173083501 -0.9542119726120961 0.051307370040993595 0.29469826111330505 15.78244065719911
0.2653427945002543 0.009468155268925742 0.9641076472275258 12.195178828386375 0.04751516803489847 0.9986083438345562 -0.022884152390289823 -0.7819219621081764 -0.9629826115841384 0.05188188180675184 0.2645236475757497 16.06527317013043
0.23578002167022344 0.008524892903156406 0.9717690608278158 13.193077836340008 0.04843089944591848 0.9986159118426879 -0.020511182156523197 -0.8117253025831748 -0.9705989024102825 0.05189977664294964 0.23504081310352026 16.306398075983232
0.20539382456079275 0.011586015716084455 0.9786108220697919 14.20802764072778 0.047474197632339114 0.9986348292590147 -0.02178711431066076 -0.8369589547481182 -0.9775272770575012 0.05093370230649301 0.20456339012124788 16.528846593855675
0.17654037511573778 0.012228942329037137 0.9842174296991006 15.24247516256249 0.047485894115175904 0.9986526904886974 -0.02092590833797684 -0.8758539144900639 -0.9831472859211247 0.05043071236062211 0.17572181832863962 16.720563097925996
0.14994572725130412 0.011125866251018298 0.9886316270377149 16.299222584357477 0.04893432889338125 0.9986276720336401 -0.0186602278771535 -0.8833271940149361 -0.9874825114070772 0.05117604663157311 0.1491955157380113 16.846394011801674
0.12512607922506971 0.007757555577990087 0.992110520370192 17.36984906688399 0.05043909538360051 0.9986266121151723 -0.014169941152228865 -0.9081976008891592 -0.9908578919071301 0.05181418634725012 0.1245629484980456 16.96788183956672
0.1013338223413304 0.004284871650698105 0.994843252138059 18.45688434603926 0.052238951561565806 0.9985882578905562 -0.009622013451084172 -0.9156822163825428 -0.9934800191193784 0.05294460386140485 0.10096692791461334 17.075351745975667
0.08067254823113362 -0.00013376432437366996 0.9967406493511727 19.558318227133846 0.05255965017008587 0.9986092874656086 -0.004119971047012548 -0.9345947658346933 -0.9953539185314387 0.052720708403198875 0.08056738651322325 17.148566632782753
0.0644328008616474 -0.0048964577614274245 0.9979100354613694 20.672798632499344 0.05190416940949428 0.998650869196885 0.001548757636522177 -0.966379003785974 -0.9965713077201401 0.05169590074364044 0.06460001915843107 17.201956651121463
0.04875757974706831 -0.008050134637913669 0.9987782004777225 21.801646299261563 0.05286220813033282 0.9985868454278877 0.0054680060319807254 -0.9612424483602173 -0.9974107906819486 0.052531014369526924 0.04911422564303171 17.238670001825106
0.03434774697759587 -0.009769840054816311 0.9993621878492616 22.936802737665005 0.05215251939803046 0.9986073271758239 0.007969995683635723 -0.9690039468824436 -0.9980482688718004 0.05184550449230877 0.034809433576784496 17.259320666815302
0.0215479101187114 -0.01025375743755899 0.9997152334679733 24.079254177718923 0.05138105112235872 0.9986373391369713 0.009135232180597362 -0.9645262841240261 -0.9984466311000674 0.051169574356673686 0.022045396460009605 17.277235502726132
0.008197473765983603 -0.009380459177751823 0.9999224011939458 25.2285574910318 0.05220389868557675 0.9985964292582209 0.008940046686696825 -0.9499854858045274 -0.9986028011105709 0.052126561927182534 0.008675664572190277 17.292834389946563
-0.0028965333452416002 -0.008170793146322086 0.999962423410968 26.389742022065825 0.055403733071816716 0.998429378944199 0.008318751277154722 -0.9273770292290208 -0.9984598321696688 0.05542574672896933 -0.0024392915465152945 17.272105756953092
-0.013648611498032204 -0.00943993533287172 0.9998622920307993 27.569749498752557 0.05950542812820899 0.9981754968073298 0.010236288229727771 -0.9276799114148341 -0.9981346699856944 0.05963694487777054 -0.0130619821692918 17.26940875732425
-0.023101873456999985 -0.010391178454570481 0.9996791119419765 28.772549732350242 0.0618329853052392 0.9980167210450593 0.011802815033409197 -0.9311658187404291 -0.9978191145548454 0.06208581097799709 -0.02241353841286584 17.225043072224718
-0.028330697151175203 -0.010209453399369591 0.9995464664837804 29.996354184610546 0.0629226271045053 0.997946544135152 0.011976562402321615 -0.9176878616359055 -0.9976162160857214 0.06323339394651326 -0.02763011568576394 17.125163588331855
-0.037856263118937326 -0.019012305498270377 0.9991023148718589 31.23479492636284 0.06310575320319159 0.997777849343659 0.021378196177481823 -1.047252106717286 -0.9972886078038415 0.06385840272654003 -0.03657235494040189 17.254612997392382
-0.042868258745599616 -0.019457417580833743 0.9988912459788611 32.501650494081886 0.06467237509145204 0.9976593852790019 0.022208891569756587 -1.0093690817762502 -0.9969853541011258 0.06555272584577417 -0.04150956326001586 17.184995998429635
-0.047384557404977566 -0.01891159543154907 0.9986976796196962 33.795443833941356 0.06642473478579591 0.9975479586205376 0.022041435085690106 -0.996840649594965 -0.9966656702867654 0.06738265214603013 -0.04601217079855457 17.131796383588515
-0.051290504235383345 -0.02295469506995846 0.9984199347716989 35.11034073194978 0.06699696488467088 0.9974045650848282 0.02637309697757832 -1.0147865297753718 -0.9964339872121579 0.06824379475227961 -0.04961948817033216 17.081784429701557
-0.05534085361887158 -0.023042024033246823 0.998201610422055 36.44936217718659 0.0672363938949847 0.9973783987796628 0.02675064454768266 -0.9702442916544495 -0.9962011128566006 0.06859588016906516 -0.05364650936545118 17.014890507543637
-0.05769460938078132 -0.022276830791019817 0.9980857051667984 37.80888260754893 0.06608045601744067 0.9974733342122073 0.02608296126040497 -0.9089967483752665 -0.9961449218767932 0.06745880480331996 -0.05607677124782334 16.909998194163887
-0.06146185519716145 -0.026102681730912625 0.9977680543904858 39.19276113001703 0.06462606694159197 0.9974562340966907 0.030075447350133885 -0.926468108286757 -0.9960150158644098 0.06633031786524128 -0.059618596968658254 16.899855913474678
-0.06335975305481918 -0.03145334272331315 0.9974949768917938 40.59407398930358 0.06501341696766047 0.9972500493249681 0.035575198320451605 -0.8986874916221423 -0.9958708738119706 0.06710459263626906 -0.06114062757363725 16.80252943760765
-0.06464220358726855 -0.032085353829912976 0.9973925584166895 42.01596599879641 0.06508029057511193 0.9972196503729593 0.036297722913336716 -0.8550142618865195 -0.9957840836717755 0.06725696231352662 -0.0623743515101761 16.726852017296697
-0.0657662814331229 -0.03733168153638994 0.9971364709908683 43.46144517189027 0.06649425085014823 0.996914676691601 0.04170901582104494 -0.8205713239290447 -0.9956170502910912 0.06904688950667981 -0.06308102899537045 16.644582989185274
-0.06607733152981927 -0.03617046488562796 0.9971587053863863 44.92199949628258 0.0661524795733998 0.9969853181202448 0.0405478100391034 -0.7731077375434564 -0.9956192222452243 0.06864381197626872 -0.06348536345628532 16.556098997923634
-0.06731042746274629 -0.03581228652581791 0.9970891567400444 46.40783789081763 0.06687886615828195 0.9969460161107456 0.04032193227385554 -0.7426628287834774 -0.9954880831110742 0.06939827875896482 -0.06470977738431248 16.50812042893335
-0.0666457225215128 -0.03568791903425869 0.9971382652895171 47.91325284740354 0.06688163344265192 0.9969527112935554 0.04015144521026713 -0.6655781000559232 -0.9955326186407076 0.06936615802705255 -0.06405576744475831 16.409294041815084
-0.06671198908253623 -0.03333060376751429 0.9972154137222019 49.439449308798494 0.06693995358769862 0.9970406116141258 0.03780292853481645 -0.5848564588463152 -0.9955242604408616 0.06927546206720052 -0.0642834133275979 16.33518219106914
-0.06554931967984372 -0.03203156604345616 0.9973350818387532 50.98663930884204 0.06681801015057652 0.9971004247446301 0.0364156078295546 -0.5318347063440588 -0.9956096826613448 0.06902696394077924 -0.0632189689894617 16.22666905431365
-0.06421946183798088 -0.034487077271465064 0.9973397125465882 52.553404759412786 0.06716052586125786 0.9969874969830683 0.038799415272353546 -0.5139246852227115 -0.9956733020862194 0.06947353712535957 -0.06170983027047731 16.14369728692539
-0.063200183591296 -0.03589273645496172 0.9973552267190464 54.14727638383028 0.0677012723483166 0.9968967873739216 0.040166317306594305 -0.44039148876616924 -0.9957019004282568 0.07006073646008229 -0.060574076057539804 16.0508953765412
-0.06253352912496678 -0.032491966071481325 0.9975138244034447 55.75639594449426 0.06790537225072954 0.9970153313883873 0.036732674773217705 -0.3503377529522934 -0.9957300930245422 0.07003357135912976 -0.060140508212170596 15.94566878528892
-0.06230282065143499 -0.03292998396592166 0.9975138969933602 57.38746173159272 0.06612369011980078 0.9971234494109356 0.03704705440082405 -0.27803342035250567 -0.9958644567127658 0.06826743580097837 -0.05994615138057561 15.859214704387915
-0.06258675929283417 -0.03379336620782695 0.9974672455582514 59.034375197910464 0.06419667599645378 0.9972206166030744 0.03781307462757138 -0.20617931351685326 -0.9959727327353013 0.0664006793800121 -0.06024338491191341 15.777017662480098
-0.06181488846918019 -0.03544910946734114 0.9974579089874004 60.690067530824884 0.06510649999787048 0.997097375181095 0.039471104177566094 -0.15093924394253264 -0.9959618783977463 0.06738089525185177 -0.05932749559427028 15.674031570224466
-0.06022810062468308 -0.03948887638112478 0.997403230663156 62.35944194563769 0.06694383081368675 0.996807706604267 0.04350769552996465 -0.10333243280973836 -0.9959372969274365 0.06939037899086177 -0.057392298197339306 15.519524050806487
-0.05914921567838699 -0.040373334027042844 0.9974323857706718 64.04666337213608 0.06643779826085644 0.9968072039927695 0.0442878880775047 -0.05909683461875859 -0.9960358373306047 0.06888680546850928 -0.05627804887752991 15.42165188151269
-0.05857038507030766 -0.04095491824050433 0.9974428327802208 65.74795986773196 0.06608410251135448 0.9968074117047189 0.04480932230915949 0.007983548729098594 -0.9960935705986573 0.06853961367304699 -0.05567692492913099 15.330982938077186
-0.058559074573259554 -0.03729203207201231 0.9975871586628737 67.47039497851428 0.0639779914984046 0.9971075087454011 0.04102965521873874 0.08762172629434863 -0.9962317257490605 0.06622628139551624 -0.056003823651316086 15.255803774148674
-0.058759185954595484 -0.03779618457602001 0.9975564177015005 69.20369284563796 0.06426728331749353 0.9970668074811092 0.04156317738595669 0.16354232649987477 -0.996201322203971 0.06655245939048758 -0.05615777584746851 15.14789532962682
-0.0593576751830684 -0.040267765067096964 0.9974242695530143 70.95777893772664 0.06343646645018643 0.9970142891292021 0.04402637841686303 0.2100262928802684 -0.9962190929314562 0.06588637468165258 -0.05662600559930464 15.100337676545116
-0.058945124335668814 -0.04074038538940255 0.9974295430331794 72.7247444409386 0.0641443727098559 0.9969474567313561 0.04451143635672135 0.27310996591847286 -0.9961982592670543 0.06660322451054375 -0.0561519253283961 14.990059901497217
-0.059756936391800845 -0.03936003270619315 0.997436662840521 74.50308789178845 0.06504537207929287 0.9969451413621987 0.04323753791985464 0.34633242207079507 -0.9960914657420422 0.06746238166320079 -0.05701419942606699 14.909382243666931
-0.062130091288705745 -0.03548517193311809 0.997437042789837 76.29531893099362 0.0662889637459782 0.9970143790899453 0.039599257232610666 0.45702914231399205 -0.9958642603497421 0.06857937343521431 -0.059592319113214956 14.860607985419756
-0.06419109040327467 -0.033944085677683665 0.9973601671213592 78.10319603813666 0.06755426204705882 0.996981011207769 0.03827904087631776 0.5259016956934381 -0.9956484949981661 0.0698331034584531 -0.0617042305619667 14.78522123034477
-0.06405425255164487 -0.030419519597902924 0.9974826843396749 79.92483843049169 0.06707799829049282 0.9971435685043444 0.034716652139302806 0.6208560768794388 -0.9956895072638798 0.06913289099880751 -0.061830805483638604 14.614904419061848
-0.06523191443533308 -0.027070758734715 0.9975028678458168 81.75620870061928 0.06841244178525943 0.9971585957397158 0.0315352620311736 0.7388303836780403 -0.9955222424175548 0.07029871239164072 -0.06319458748972724 14.442101884600456
-0.06549981234584858 -0.024134627669739766 0.997560672004416 83.61082917149302 0.06739860495884412 0.9973174466909906 0.028554134120348088 0.7620090605320928 -0.9955738057182186 0.06910448808148167 -0.0636974653713578 14.298531705336375
-0.06635455249290907 -0.024807857993453114 0.9974876658612087 85.47562424628507 0.06895063867074519 0.9971871479354006 0.02938709613683965 0.8098094927512884 -0.9954109115286808 0.0707273792405433 -0.06445738930023073 14.144935094966142
-0.06919505066144162 -0.02293008468916224 0.9973395891972343 87.36278543847531 0.0706944244652408 0.9971097303384727 0.02782955288653775 0.8859201805248771 -0.9950951428448868 0.07243201557656341 -0.06737402916574611 14.057426437203311
-0.07415595917377898 -0.022345346282567343 0.9969962784376524 89.26134221710667 0.07107320316221595 0.9970882476276713 0.027633787924202378 0.9226594413723919 -0.9947107587189736 0.07290892909849252 -0.07235188004766013 13.922571193562062
-0.07834165092692098 -0.02044597574643341 0.9967168844791487 91.16692387833707 0.06961546456595703 0.9972368852461438 0.02592839751765352 0.9407086746833675 -0.9944929727370161 0.07141818242116775 -0.0767018278553098 13.732605137635014
-0.08164444944493762 -0.02062730373145003 0.9964480409010815 93.08533589357762 0.06855239264217323 0.9973018021984009 0.02626185056032378 0.9464104485460509 -0.9943011381557717 0.07045303167777413 -0.08001010554638349 13.568089251284205
-0.08686376669198724 -0.015999677238817747 0.9960917108200097 95.00646965797908 0.07066864049762334 0.9972532016086028 0.02218096327049171 1.030187687668878 -0.9937105359642187 0.07231916903312943 -0.08549449399849768 13.392036435786594
-0.09101657944978095 -0.016615439942651092 0.9957107559029249 96.94628079011156 0.07145400529633571 0.9971747149400357 0.02317138345819357 1.0393537587123796 -0.9932825919104645 0.07325650168938627 -0.08957219193398729 13.248690815599437
-0.09140164192744164 -0.018389395366703865 0.9956442989296004 98.88275305184133 0.0723276097780871 0.9970661672012925 0.02505544025376492 1.0345286230949002 -0.9931839994264678 0.07430268070916247 -0.08980342378035926 12.990345453342925
-0.09864168030671928 -0.01348966307313295 0.9950315813563119 100.84289810076474 0.07385401379433394 0.9970513233339466 0.020838504852479966 1.112578756727616 -0.9923786593597884 0.0755426212690116 -0.09735455212301251 12.83305886497318
-0.10330893157496031 -0.011380346155409494 0.9945842108027985 102.8132518158348 0.07336558604592955 0.9971235380440052 0.019029993766083605 1.1231655112288939 -0.9919398950747847 0.07493422182142417 -0.10217684159847136 12.64526062015351
-0.10920370740102867 -0.009227409450652924 0.9939765616978615 104.79438307807722 0.07363730163747138 0.997134209708735 0.017346920074857372 1.160236865195767 -0.9912881004518413 0.07508809987848214 -0.10821127094353654 12.462467149024736
-0.12258450053194721 -0.008244170036415244 0.9924238378282466 106.79543218319282 0.07380412397909246 0.9971209599435913 0.01739949783311311 1.1737719286830248 -0.9897100542648889 0.07537788071825782 -0.12162312109714678 12.439776435398416
-0.13694732844274737 -0.0070164042395580275 0.9905534812941416 108.80205764624247 0.07413819997793009 0.9970976886656102 0.017312612793133876 1.1952867694201157 -0.9878000589878623 0.07580876815539955 -0.13602968107855368 12.34140677153585
-0.1428635567784125 -0.008111405582952546 0.9897091538649585 110.7989628883874 0.07591261768725946 0.9969309779075386 0.01912850658523872 1.2102669758355433 -0.9868268736817449 0.07786417910555436 -0.14180934733552542 12.063590498754658
-0.1489619823293325 -0.005616909807927655 0.9888269707814038 112.81056338908789 0.07701251846432641 0.9968806441683284 0.01726421971347534 1.239973047721568 -0.9858394391686176 0.07872376773721149 -0.14806474453075916 11.82300779103044
-0.15494937154830463 -0.005155552003497167 0.9879089596416902 114.83402203425466 0.07715132309709057 0.9968692359222763 0.017303173584634655 1.2835745495352595 -0.984905257170024 0.07889959920855329 -0.15406650396362823 11.554832209672485
-0.16006006718712668 -0.006775240376559671 0.9870840242906852 116.8367904616396 0.07682165627451779 0.9968580491132526 0.019299301680486297 1.296479246493578 -0.9841134121732565 0.07891847715176634 -0.1590366811297085 11.118743002090696
-0.16596885073722728 -0.006058531790089394 0.986112384456008 118.87973536371258 0.07758890895287279 0.9968008716333429 0.01918289650978922 1.3012997066412144 -0.9830739045425142 0.0796951473023947 -0.16496782020740167 10.901264020175315
-0.16897709197764557 -0.005156029306248399 0.9856064923429495 120.91692358657627 0.07815922070959816 0.9967670942370319 0.018614404753485754 1.32715846879667 -0.9825160958502636 0.0801796433519806 -0.16802781373064793 10.540902767622159
-0.16600325997823864 -0.006293806103001179 0.9861051189814077 122.91014683708406 0.07989927236395829 0.9966060506799244 0.01981126002726871 1.4467955262277394 -0.9828830164125867 0.08207781522978844 -0.16493698279887425 9.97725119358968
-0.17146898102510952 -0.006116263239771747 0.9851705333952054 124.9779371874873 0.07938228401094552 0.9966435138486694 0.02000398181804323 1.4851280222609953 -0.9819861717618095 0.08163514945997385 -0.17040792481932945 9.681277945006586
-0.1664921342443092 -0.009377700960868004 0.9859981886187543 127.00167613446042 0.08154995549118196 0.9963981076035174 0.02324684760368882 1.5592614628099273 -0.9826647312253346 0.08427852566823207 -0.1651276963959308 9.148512465887773
-0.16771205880880777 -0.010406234089451733 0.9857810992417066 129.04869963778725 0.08164972441288726 0.9963621423730801 0.02440909152383407 1.5661330566980078 -0.9824489746716665 0.08458245407762954 -0.1662522800709627 8.654312044176686
-0.16772251259184956 -0.009724916993799978 0.9857862774249504 131.1214385064691 0.08264080977115337 0.9962930318499804 0.023889144972882616 1.6469184918345339 -0.9823643190437258 0.08547292364620786 -0.16629709556430416 8.247459097006686
-0.17214203200302472 -0.0090926637262946 0.9850301743013922 133.22067929597577 0.08276382272624448 0.9962882830050742 0.023660236569680266 1.657994598693046 -0.9815891556377376 0.08559778392665544 -0.1707505458885444 7.891023386997857
-0.1743174288289086 -0.007258955640450764 0.984662755246429 135.29655927622093 0.08429989192024133 0.996191585146628 0.02226777728641881 1.6950171660720186 -0.9810743917913219 0.0868886255274606 -0.17304162656780994 7.425841394194686
-0.1777085470791258 -0.005273264037734586 0.984069034662414 137.3981142184944 0.0843743152136328 0.996221681033469 0.020575159077697434 1.7410781771713228 -0.9804594062108104 0.08668653254819764 -0.1765921794630564 7.011704130107752
-0.182577501453841 -0.004710080345762827 0.9831801824213149 139.5040266616805 0.08521638228426323 0.9961495534161465 0.020596975971900165 1.7867366603906893 -0.979491513058308 0.08754360268997707 -0.18147312052974443 6.569136201486059
-0.18659598147497938 -0.0032665973572132355 0.9824313049975024 141.61595579215358 0.08579855073491323 0.9961195370565407 0.01960807451140469 1.8180269728296248 -0.9786830684083464 0.08794997007368162 -0.1855916333643829 6.141806707005567
-0.1920353070614783 -0.0013841695672696314 0.9813870413432267 143.74937382726847 0.08618008271312445 0.9961120707924062 0.018268436310143535 1.840993772464673 -0.9775967646148186 0.08808420117289559 -0.19116939953446746 5.769358922573568
-0.19787645006722973 0.0015577485561956456 0.980225731109027 145.91281660689404 0.08586924919277475 0.9961818974031453 0.015751169141772894 1.8939260205876103 -0.9764585923385889 0.08728803300394972 -0.19725470017832233 5.480737173288978
-0.20068847506735027 -0.0025473947175201754 0.979651798730188 148.0162577710138 0.08547691733423511 0.9961373672062204 0.020100802434022593 1.856471872931039 -0.9759189682438681 0.08777161520450553 -0.19969554573453335 4.906643447065001
-0.2051538443374009 -0.004015605264316525 0.9787215002583447 150.15916086328593 0.08431449039812225 0.9962015523498533 0.02176083189225682 1.8318360626714505 -0.9750912607866448 0.08698472285464083 -0.20403600448795703 4.436532511151153
-0.20997134471602932 -0.0027895506914227554 0.9777035608020873 152.31286446870592 0.08576829476811453 0.9960882214018336 0.021261580305728528 1.8780464107939323 -0.9739383111936353 0.0883202898062867 -0.2089107282975674 3.9869207024584
-0.21328533421538864 -0.0023778738895050915 0.9769870582174534 154.46696884529052 0.0872353098117554 0.9959563805483324 0.021468320081171305 1.9023651478901915 -0.9730875433025926 0.08980664652922707 -0.21221545492375468 3.512970683963441
-0.21671747485559992 -0.0037468298905166306 0.9762271750765711 156.64633324594618 0.08807162599778559 0.9958398794261867 0.023373558533933404 1.9440218763287824 -0.9722535290685843 0.09104337323607858 -0.21548591462895242 3.0790194006005462
-0.2198250308643474 -0.002891186416544517 0.975535031070946 158.81872731745779 0.08927639674619876 0.9957397113677063 0.023068424076381284 1.9977258154722133 -0.9714456653820129 0.09216326950828393 -0.2186303980786708 2.587700840253513
-0.22208384232155925 -0.002201482691762165 0.9750250870893774 160.99018894154503 0.08909438278494589 0.9957680798815941 0.022541562614173654 2.0413383405417687 -0.970948483667316 0.09187537517135037 -0.22094786149963055 2.0544565145975575
-0.2224340229172759 -0.0042675833424915405 0.9749384048139909 163.13459976317466 0.08953479009007637 0.995675238869193 0.02478588441628532 2.062296181181163 -0.9708278049233864 0.09280412940804801 -0.22108995172203136 1.3887162394687602
-0.22670072853480236 -0.005578241460383014 0.9739484908885052 165.3312054081881 0.0891739345395451 0.9956645632738712 0.026459154169854705 2.1107195186137426 -0.9698735943825489 0.09284912849809751 -0.2252204481316375 0.879558485722894
-0.23015800873888384 -0.008271374607130476 0.9731181199502233 167.53294454763792 0.08816713196037686 0.9956742071944822 0.029316036047134182 2.136108739719199 -0.9691510965041683 0.09254435417540738 -0.22843312950406744 0.3577587642100405
-0.23030938723432132 -0.009742057858283892 0.9730686915426032 169.7236825083337 0.08651987244894549 0.9957847521044458 0.03044731757810102 2.1645483218949235 -0.9692635853178267 0.09120208213066593 -0.2284956944711656 -0.23653993505214266
-0.22868164768480054 -0.011555945501976793 0.973432670571374 171.90320263713022 0.08527553345172743 0.9958480447004884 0.03185522344503526 2.176499502169378 -0.9697591388621644 0.09029469524708808 -0.2267467322885735 -0.9089324490070056
-0.23213030261859838 -0.011451721334345806 0.9726172837682225 174.14202859088897 0.08618116746628052 0.9957559900513187 0.03229264081896375 2.208937267527086 -0.9688592926634628 0.09131739349868438 -0.23015821659080118 -1.3751455178316645
-0.23319386451266752 -0.010815008632042126 0.9723701235342096 176.34548660095749 0.08827423732712415 0.995574229451738 0.032243025228526206 2.2529394618383076 -0.9684153450756349 0.09335410671127983 -0.23120711533639124 -2.013053624877715
-0.23601486886135997 -0.011258593849078466 0.9716842212060943 178.58747800026563 0.0904746622938659 0.9953348847178625 0.03350824893194742 2.3050687028898937 -0.9675284580616554 0.09582124674734337 -0.233895214813423 -2.547165621707928
-0.2405143235256512 -0.009249523048315972 0.9706015178755771 180.85965196401276 0.09227742994506213 0.9952076842019636 0.032350289459194506 2.3789244278466457 -0.9662493136358395 0.09734532155546827 -0.23850818071824811 -2.9838343794858746
-0.2435795068916508 -0.008356338501346875 0.9698449337029443 183.1156704045247 0.09359939763978613 0.9950929204435458 0.032081652772239816 2.404713615690262 -0.9653539126060908 0.09859133476112182 -0.24160209462281057 -3.52091117313491
-0.24983275700713653 -0.00710803451568241 0.9682629133512932 185.4021540850111 0.09367925638701546 0.9951047362439797 0.03147635346684946 2.4798091795880546 -0.9637467460121393 0.0985699738770252 -0.2479438843788896 -3.9340727882432236
-0.25134127470363093 -0.008420472138549564 0.9678619009338648 187.67321429190577 0.09277771508303637 0.9951480617658867 0.032751041930986734 2.4894585359672936 -0.9634416740074736 0.09802770431137107 -0.24934055019814977 -4.508631512394025
-0.25561617062942316 -0.0106980937957688 0.9667191547196542 189.95760526271107 0.09059023158267815 0.9952741711448012 0.0349676163588695 2.4724928367567514 -0.9625246922830314 0.09651360029115393 -0.2534390295599543 -5.056728341407064
-0.25824748184682866 -0.01321709769003421 0.9659883780089797 192.25256167133466 0.08971595948801238 0.9952573122674184 0.037602247158578704 2.5269975901088304 -0.9619039893528434 0.09637525982782608 -0.2558369100817944 -5.571278849685327
-0.25889422431637543 -0.013769204917450735 0.9658075323849771 194.5130796870696 0.08967690439565888 0.995237010616895 0.038227549180579294 2.5732569856479115 -0.9617337643202674 0.09650752143891364 -0.2564263342016218 -6.273229823705584
-0.2596581428968289 -0.012810675454815736 0.9656156250919702 196.75351950565982 0.08943734020408638 0.9952954653577476 0.03725451402875151 2.5890674632716393 -0.9615501084210775 0.09603553109495817 -0.2572908194295303 -6.986635749067743
-0.26216182038991126 -0.012914775123285812 0.9649375049780986 199.05729506440144 0.08961805345181356 0.9952636163383329 0.03766879993637325 2.6357931809101887 -0.9608536748253363 0.09635114206200647 -0.25976272441978576 -7.584211925792555
-0.2648973520121483 -0.013311079441591506 0.9641847375171664 201.3408174051366 0.09043118869301736 0.9951550219882148 0.038583446232792355 2.705425764063952 -0.9600268709825351 0.0974130246719087 -0.26241019342957794 -8.191120754886237
-0.26728132640562124 -0.014013059640315965 0.9635166457899748 203.63185196646373 0.08940844047989643 0.9952203321798407 0.03927621655398225 2.774326053199432 -0.9594617362489253 0.09664431993324188 -0.26475092464207745 -8.826563507317847
-0.26747684635406627 -0.014790590318749438 0.9634507642337001 205.90941148565005 0.08792203345538718 0.9953363615799883 0.03968933546654004 2.857777758867562 -0.9595446069347431 0.09532452861004914 -0.264929012280115 -9.523942359401582
-0.2695898914454136 -0.016079513426336768 0.9628409732029568 208.20728689888952 0.08792499219065279 0.9952730728257749 0.041239619981376346 2.9193268761897153 -0.9589528070654579 0.09577556972373658 -0.26690176856920284 -10.16482429233804
-0.2724345459406453 -0.014752285050166297 0.9620612185635108 210.53138479060328 0.09085214314854369 0.9950206615236246 0.040985012216667296 3.0645914554464726 -0.9578754127042978 0.09857105674021074 -0.2697377254106026 -10.672610672939093
-0.2744421614430426 -0.013426770805344027 0.9615098657050825 212.83193667188735 0.09234650659969174 0.9949130298558059 0.040251530927012336 3.1748366833356108 -0.9571591418052182 0.09983879430800062 -0.27180616698268484 -11.323853937610012
-0.2785760178798607 -0.01451375341328042 0.9603045106756776 215.18888168501354 0.0937032604209803 0.994704726950953 0.04221617187645968 3.227957591590042 -0.9558321511900902 0.1017440766987577 -0.2757408957844994 -11.819110367624749
-0.2806234110946574 -0.014051506267859814 0.9597150912209299 217.48232865511227 0.09456695063284021 0.9946230687884396 0.04221424974895724 3.289823999555505 -0.9551479429876834 0.10260363641443229 -0.2777857102172975 -12.473831699498197
-0.2819701590137098 -0.011023055105213665 0.9593598499426195 219.7169391883435 0.09607232954418166 0.9945837349264768 0.0396648675233879 3.3690771429835733 -0.9546009307148908 0.10335224465796818 -0.2793839233070156 -13.34194799851038
-0.2879484198170883 -0.009709424541819747 0.9575966972582477 222.05637892919304 0.09787812404420437 0.9944136314800687 0.039514584145642975 3.4718832915648346 -0.9526308730869619 0.10510593038302735 -0.2853894935695555 -13.88065708587262
-0.29054080274073807 -0.01151733801031333 0.9567932863831764 224.37336848319842 0.09662510814844054 0.994463122461669 0.04131206287614981 3.58321483538453 -0.9519714441190281 0.1044530946833856 -0.28781924986524504 -14.502277411946894
-0.293656787614229 -0.01061909164481811 0.9558519372689092 226.65092110593378 0.09562380379179211 0.9945962701513498 0.04042706456576564 3.6727762817341665 -0.9511160703281586 0.10327388001645921 -0.29105450772984764 -15.27472624104658
-0.2971041491238675 -0.00951443728417231 0.9547976749325192 228.9737218515933 0.09615176847315281 0.9945694476890581 0.03983027922271583 3.739122290732612 -0.9499915589061126 0.1036392261966441 -0.2945758795293519 -15.893177391068601
-0.30075428556730677 -0.008707313555483995 0.9536619120021214 231.30960153901418 0.09720555393138212 0.9944708023523302 0.039735419383696374 3.800799953693631 -0.9487349155574443 0.1046518320878852 -0.2982449564416054 -16.45782718836752
-0.3056392743374336 -0.006369819558517711 0.9521260732598784 233.6381471216093 0.09809194648419371 0.994446188514398 0.03814116128437865 3.884865285922674 -0.947081096853605 0.10505333668175507 -0.30331698342591823 -17.07712033537723
-0.3104982129283092 -0.005667636022346309 0.950557067024511 235.9694286159505 0.09835829499049804 0.9944230740974095 0.038057791701735226 3.997718697640085 -0.945471578406716 0.10531204871508318 -0.3082091283861357 -17.668381552617365
-0.31344217711932404 -0.004044033533849314 0.949598677018598 238.234232978961 0.10005932893142963 0.9942835063571367 0.03726177236716347 4.140258441731645 -0.9443209900751381 0.1066956174307398 -0.3112457436248422 -18.476524103423344
-0.31832602803551785 -0.003636578814016903 0.9479743219991016 240.54921560913965 0.10085167649912137 0.9941877076479073 0.037679454734756035 4.245244895319973 -0.9426014424041829 0.1075991508159834 -0.31610906902717933 -19.124016691627045
-0.3224228299332261 -0.002145969148430009 0.9465933200452348 242.82902840670874 0.10121256686380452 0.994186627556476 0.03672827108254848 4.315422215093128 -0.9411692382598832 0.10764917279889613 -0.3203312668926053 -19.881984290260775
-0.32640188580778934 -0.00017646757401962735 0.9452310711145242 245.11182287891148 0.10243546110402874 0.994103919522912 0.03555803000140085 4.416164910376327 -0.9396641874890852 0.10843138866753563 -0.324459317483878 -20.629806227371
-0.32909592370809193 0.001764933092947854 0.944294846967774 247.2672356140256 0.10406094143898048 0.9939755421329124 0.034408459837769655 4.524534670283695 -0.9385452538186688 0.1095878946451259 -0.3272969597807107 -21.684263880805418
-0.33252688400841085 0.0019217837152708441 0.9430918185198109 249.5256433829688 0.10439447010530624 0.9939275205100154 0.03478330898918898 4.575196735172507 -0.9372980667979038 0.11001995600869985 -0.33070824491801365 -22.51216449335763
-0.3350979695970654 0.0025621471725683887 0.9421798056495297 251.7403073994101 0.10493205170352171 0.9938766936694371 0.03461765887505095 4.686225373325951 -0.9363218545442652 0.11046516728166168 -0.3333149134380565 -23.424714110928292
-0.3384830167601255 0.004270897617164586 0.9409628084034477 254.00951358575932 0.10639474803433169 0.9937506215019896 0.03376181060181069 4.74052345319423 -0.9349381824247388 0.11154130041354461 -0.3368221093491014 -24.22584246227353
-0.3457517807124701 0.004217390617680123 0.9383165349446473 256.35105008751344 0.10616253242340579 0.9937448018617643 0.03465235175517355 4.7721946383903955 -0.9323010365990182 0.1115951718897028 -0.344036763685657 -24.802445353482387
-0.3491481678222283 0.0039391225208056406 0.9370592511789971 258.6069747489648 0.10634566439268549 0.9936971861580165 0.03544717035971336 4.848818133311868 -0.93101351041285 0.1120285032275169 -0.34736646051877407 -25.655207811209795
-0.3529102129474931 0.0036675479158017653 0.9356500043764419 260.8561128362935 0.10714094013104947 0.9935730097846366 0.03651702582802948 4.952240844842187 -0.9295026630113483 0.11313365246368932 -0.35103500699365214 -26.53614824630023
-0.3559314471198559 0.0022605647593748664 0.9345093337137564 263.080413462002 0.10817280035200047 0.993374757378567 0.038797379641814546 5.03826833686333 -0.9282302786567401 0.11489769906326647 -0.3538178465464875 -27.47250914981517
-0.35759830732162756 0.0011076910810798744 0.9338748436600972 265.3271119659953 0.10788243399337313 0.9933533130576429 0.040131980677030464 5.128489715689833 -0.9276232160938892 0.11509981953880036 -0.35534096373168317 -28.414925934982726
-0.3618785318138445 -0.0012396122222118455 0.9322244319764368 267.6127837876743 0.10881685596106967 0.9931068647819448 0.04356199010278885 5.218325249792138 -0.9258524828886089 0.11720588075905422 -0.35924916345690794 -29.192154756442427
