1.000000000 0.000000000 0.000000000 0.000000000 0.000000000 1.000000000 0.000000000 0.000000000 0.000000000 0.000000000 1.000000000 0.000000000
0.9999327821319857 -0.0027346719435900873 0.01126733274326971 0.012622941395301067 0.002722210186716862 0.9999956662364013 0.0011211958414979984 -0.005054548798357598 -0.011270350016124215 -0.0010904484291330454 0.9999358930115158 0.2886680302768829
0.9998282516458525 -0.004964046504181454 0.01785568405583286 0.022124285864924105 0.004943400928858051 0.9999870610715907 0.001200198591522164 -0.007815810718886894 -0.017861410864037735 -0.0011117246542424802 0.9998398542117827 0.5817564747983341
0.9997709368127415 -0.0075641871858056825 0.02002141295688584 0.02828148338157543 0.007568762347005612 0.9999713448420489 -0.00015274593044130525 -0.008456008920243617 -0.020019683841325426 0.0003042482584935053 0.9997995397537899 0.8806308403468952
0.9998126048786555 -0.00896523722038549 0.017157495369024216 0.038983130436498606 0.008994783039282105 0.9999581919997327 -0.0016456399066172422 -0.008797102513184121 -0.017142024496311057 0.0017996594700690554 0.999851445076697 1.1866507473314003
0.9998890271126245 -0.012573375139124926 0.007990225114360152 0.07011078056197897 0.012601394014154908 0.9999145921193925 -0.003466025910007697 -0.008748923130265908 -0.00794596304215904 0.0035663292500325416 0.9999620707641927 1.5008318817066673
0.9998901063749279 -0.014253885231745467 -0.004074546518809507 0.06076660320635958 0.014232195655957994 0.9998846519795639 -0.005303521708953379 -0.012538165875767695 0.004149672317697939 0.005244949142462104 0.99997763511398 1.8241925753638877
0.9996964619025505 -0.013363726569556533 -0.02069770208730138 0.04427896569068154 0.013247909016709901 0.9998958662611845 -0.005722721422595124 -0.012402913772524983 0.02077202364252349 0.005446783084514729 0.99976940120601 2.161775091665443
0.9990509311807185 -0.009673682515086091 -0.042469480495226745 0.05559915503485191 0.009425739580880601 0.9999373680680598 -0.006034515264324438 -0.020081644114018762 0.04252519653441438 0.0056284818307643005 0.9990795403029678 2.517198825856204
0.9982062891191686 -0.006051271556599313 -0.05956161914761296 -0.018011194260190086 0.005622136625874358 0.9999570376162222 -0.0073698372810621195 -0.021715139065590916 0.05960365712518848 0.007021754363235017 0.9981974248729378 2.8698321526340194
0.9968434195373588 -0.005700877422657923 -0.07918773214125636 -0.06499216058599247 0.00511351876052285 0.9999579073659055 -0.007618098337851469 -0.027145847977636514 0.07922782876584052 0.007189123243568249 0.996830611315703 3.2401222265460907
0.9950216581496918 -0.008490360937250266 -0.09929659402110307 -0.11288231609609199 0.007876927327799274 0.999947404919398 -0.006568212148982397 -0.03436740468412347 0.0993471380005944 0.005753361288557311 0.9950362028614701 3.622811757980842
0.9927370353769603 -0.01116260948563024 -0.11978553644089703 -0.1439713695703137 0.010494603712239047 0.9999256712015318 -0.006206074853643322 -0.01869842222302996 0.11984590891592943 0.004903898616128321 0.9927803935888722 4.015952695544016
0.9904000365833528 -0.010774571442150842 -0.1378102904210394 -0.2062752296398856 0.010202249241032938 0.9999361516530872 -0.004858675502240372 -0.029505466862852027 0.13785384160812175 0.0034060574643110597 0.9904467260415529 4.413664367081838
0.988188754016 -0.009983113889416364 -0.15291606806799646 -0.2920001348364446 0.009559057317228802 0.9999481575184297 -0.0035080904637275296 -0.04551256613453268 0.1529431621861898 0.002004922084939289 0.9882329530166056 4.821930242670573
0.9860288530829973 -0.009112799596102573 -0.16632515676033702 -0.36927798981342186 0.00857250236182474 0.9999553902226176 -0.003966077153394893 -0.045823869340701984 0.16635387909840263 0.002484843707642031 0.9860629860514292 5.243758802601418
0.9839087814077331 -0.010462346650520702 -0.17836493257172145 -0.4637350697682825 0.009748119129348361 0.9999405769156412 -0.004880247027764273 -0.0547629787134209 0.1784053924134315 0.0030629952948491948 0.9839523027147362 5.6762704719502155
0.9821529092192124 -0.013278229985735641 -0.18761490218179347 -0.5516924146573007 0.011923587413742498 0.9998940715142708 -0.008347084149465656 -0.05478213043141683 0.18770586292235236 0.005961070294610181 0.9822071953847195 6.12082240532882
0.9808216986798206 -0.012422713692339592 -0.1945108520966111 -0.712821178763171 0.01059344724862151 0.9998893670269158 -0.01044186678240045 -0.05656951446271978 0.19461904910419817 0.008181069063932872 0.9808447868214153 6.5611229448878
0.9790565347312742 -0.011579541588502506 -0.2032589875419786 -0.7837445971715883 0.00944969955320271 0.9998898415540901 -0.01144586979165359 -0.07120260386726562 0.20336913477306315 0.009285417251442201 0.979058106573926 7.037830033185806
0.9773285098194153 -0.012075593494201627 -0.21138392544355006 -0.8914501625532485 0.009316095964087546 0.9998579571124974 -0.014045495890426207 -0.0832072741999852 0.21152350755920618 0.011757790633567654 0.977302184643658 7.528672549154949
0.9756308078381278 -0.01547071890863979 -0.2188725283208748 -1.011840744825617 0.012247848143532705 0.999795785713904 -0.01607411224817446 -0.10463167221619721 0.2190765094960558 0.013001681628302411 0.9756210531050774 8.018511081674813
0.9738769704184126 -0.020377852723387702 -0.22616009729180309 -1.1269960110165278 0.01660532394945028 0.9996896451694236 -0.01857085236497191 -0.11029598981427007 0.2264683415075669 0.014330263759317253 0.9739131038421239 8.531126427750893
0.9707548806137021 -0.020443008268844886 -0.23920084694163612 -1.1802586799869186 0.015724801225517594 0.9996426567556443 -0.021616878149511822 -0.11008752195672775 0.23955728415369523 0.017223304196137903 0.9707294501566707 9.064511755298803
0.968622454727375 -0.014604768975089175 -0.24810731734694408 -1.3230034749770403 0.008779475693583512 0.9996595795061125 -0.02456920650333905 -0.1306664959556876 0.2483816841163191 0.02162003295192067 0.9684209380071757 9.595272425207886
0.9662135941356553 -0.010413005573071853 -0.25753225006276853 -1.4682383109360595 0.0035185742523107214 0.9996233421854431 -0.027217519968416152 -0.13855718721539342 0.2577186647153992 0.025391791447932185 0.9658863011681941 10.136673610518937
0.9643594997246531 -0.012970680010347293 -0.2642773481607617 -1.6742493065859108 0.005672581877326781 0.9995816850131694 -0.02835977434807392 -0.18147226411804246 0.26453464254358167 0.02584988290684822 0.9640296709375913 10.665226464886214
0.962154932718868 -0.01648241485638036 -0.2720040724791649 -1.8652033463556934 0.008592164153771035 0.9995077468895517 -0.030173475486291432 -0.21476046885913877 0.27236750936905735 0.026694454635172265 0.9618229285746032 11.21282973474143
0.9597025198801614 -0.015086115418003254 -0.28061269119065213 -2.0142711972037626 0.006050059333494869 0.9994357298976254 -0.03303965172422319 -0.22510642638429934 0.28095278983794975 0.030010513584265132 0.9592522603344129 11.783208009896072
0.9576501056131258 -0.01333226833394975 -0.28762566964761294 -2.2361567842846757 0.003155705071692789 0.9993534205848976 -0.03581595022836974 -0.2536748560184297 0.28791720466944554 0.03339148673437706 0.9570729814747668 12.347367869530066
0.9555317999857464 -0.013571843237124813 -0.29457560029157814 -2.460735456899771 0.001830168902826072 0.9991940446303494 -0.040098773759629655 -0.29690714017195635 0.29488239977622355 0.037776530364575525 0.9547865227661253 12.919403072956664
0.9537486933692793 -0.012830896639145686 -0.3003311472155784 -2.6565481719532493 -0.0012731331111295538 0.9989072671975243 -0.046718847075355015 -0.3308689469787945 0.3006024102173365 0.044940400881663047 0.9526901654473624 13.517537022866547
0.9519077890556898 -0.011112522447960425 -0.30618307102116066 -2.862047951355304 -0.0055507054018328825 0.9985525265977007 -0.05349804944935533 -0.37329125991467105 0.3063343774450531 0.0526247419963951 0.9504682455112131 14.12503071298496
0.9498292192079411 -0.0069362218224728826 -0.3126920900273276 -3.006941321226097 -0.013434978522737145 0.9979264897482029 -0.06294618662731644 -0.3758758200345755 0.31248032848632784 0.06398913881008848 0.9477665505932453 14.765220939878468
0.9482935372259106 -0.003667003384338754 -0.3173734713893805 -3.2295721649701377 -0.019627368113950945 0.997342010068016 -0.07016894879079999 -0.4277145609078829 0.31678720567044205 0.07276996660481365 0.9457010089261015 15.394112089107407
0.9463803862979316 0.000299509708333278 -0.32305429067651886 -3.415406794504923 -0.026070930402541312 0.996808705878337 -0.07545005283694604 -0.4850094106024263 0.3220007313943878 0.07982677607849853 0.9433680166310449 16.049254013118652
0.9447601550343068 0.0044368440832370844 -0.3277324577672004 -3.6785128936251965 -0.03229854408459322 0.9963019203651018 -0.07961964284536031 -0.5515106676406969 0.32616721709817037 0.0858067473535051 0.9414096603493325 16.708232516906055
0.9429933432116245 0.006637454437341904 -0.33274539644772344 -3.9405038711337323 -0.035989634763517096 0.9959718660007919 -0.08212666025405514 -0.6404590985425979 0.330859941437687 0.08942027920717231 0.9394337192257688 17.3405340532405
0.9409114935402761 0.009267745782206967 -0.33852573050201074 -4.193578559891534 -0.04029635038939131 0.9955874882889059 -0.08474524947086551 -0.7265842690540906 0.33624658432332016 0.09337913070220943 0.9371331668872888 18.009169445471173
0.9390711960691307 0.012720981897018221 -0.3434872127647039 -4.469043087237051 -0.044982530612113075 0.995268795775336 -0.08611966149282656 -0.7938386009227438 0.3407665779577278 0.09632341758619539 0.9352004804166295 18.689251665003646
0.9369352100519499 0.014779743154231858 -0.3491904514118338 -4.720299944539784 -0.04840623158271921 0.9949640156393402 -0.08776926755302963 -0.8477335413189896 0.34613472652836513 0.09913711098841953 0.9329322506570362 19.391437617992114
0.9350028427256797 0.014313949032594067 -0.35435123106599586 -5.025341981000443 -0.048117663353473 0.9950657100672042 -0.08676936741643967 -0.9279853966482738 0.3513607470510856 0.09818015844120281 0.9310780213924946 20.08532669784141
0.9325666524947138 0.012951444576974573 -0.36076543451135873 -5.313483060241163 -0.04701921061698309 0.9952009332852338 -0.08581547774820081 -0.9953747267973576 0.3579226627188566 0.09699155876449171 0.9287001696137871 20.797273980061835
0.9298750203051438 0.010949742794650401 -0.36771259122477123 -5.6151853585354745 -0.04474400517394385 0.9955023303532522 -0.08350499543281747 -1.0857154360388916 0.36514438324243664 0.09410214340795807 0.9261826849993081 21.519845871706995
0.9267923336903482 0.009340853718322233 -0.37545801185299976 -5.914753416270513 -0.04277893512296144 0.9958100614696436 -0.0808225475072818 -1.1608883161663939 0.37312991426920006 0.09096741134952883 0.9233087225569919 22.251691184094245
0.9234684794818409 0.008674438410958534 -0.38357622648144896 -6.249236217157359 -0.04085650665169185 0.9962831905226156 -0.07583238191099262 -1.2357375070644843 0.381492743401122 0.08570039906750133 0.9203905303358765 22.999016572501322
0.9200129891567634 0.008042800559495869 -0.39180532556614606 -6.616040097420131 -0.03907720424725629 0.9966892253846846 -0.07129908912666602 -1.29371974894446 0.38993470208619874 0.08090674484389011 0.9172813236666886 23.716733648597987
0.9167926934413285 0.008139633732617169 -0.39928048238711944 -6.977322721461072 -0.03785005722311822 0.997062785446127 -0.06658209253705155 -1.3608814558319204 0.39756575609677386 0.07615476505843051 0.9144079622018253 24.45929601784319
0.9118729530381392 0.008471059592347677 -0.4103851345588479 -7.300584315025066 -0.03886314380722114 0.9970775644670261 -0.06577223190615938 -1.41941491709798 0.4086286499634124 0.07592477583688576 0.9095372751257623 25.223932258394004
0.907900232342761 0.008616187074575633 -0.41909775641520014 -7.667541216105399 -0.039590597861027275 0.9970821425940245 -0.06526703211507813 -1.491486494484426 0.41731253596431284 0.07584828436029542 0.9055922289235002 25.97999411491604
0.9037561008483419 0.007587027096575119 -0.4279805453513455 -8.008445381188817 -0.0390363119681354 0.9971373631612297 -0.06475527264857288 -1.5519841663221396 0.42626409246771735 0.07522975480287399 0.9014651448974454 26.75733324689834
0.9000667367998487 0.007762762491728908 -0.43568292234716577 -8.408409531963816 -0.0390938909419651 0.9972478810258304 -0.0629946940662782 -1.6194642359164668 0.4339948582615792 0.07373196937545719 0.8978931226457456 27.520513262277657
0.8960859376196151 0.005684446505658923 -0.4438442063025011 -8.784407707393715 -0.037252866885831695 0.9973534107807255 -0.0624371517034156 -1.66805864572252 0.44231461236224195 0.07248352276188864 0.8939261281665649 28.305047210269066
0.8925094660098363 0.00509926946239977 -0.45099983429463125 -9.21495660440186 -0.03563660956192528 0.9976072395567861 -0.05924379834898228 -1.742926549799401 0.4496185996394798 0.06894775583609598 0.8905556253392591 29.078468013964702
0.8885061995792225 0.004824480018274221 -0.4588392503936846 -9.610499068141147 -0.03362333959852516 0.9979411583267672 -0.0546160741143792 -1.8068205153286812 0.45763107886542037 0.06395442838442397 0.8868391211186463 29.8831732158517
0.884653263217789 0.0018303361796979853 -0.4662459155291173 -10.05143432246727 -0.029810593745594163 0.9981682906791962 -0.05264401184466863 -1.8547769578226296 0.4652955323003348 0.06047076444064337 0.883087398998147 30.676059008121733
0.8820726696748625 -0.0001775144517360259 -0.4711133344549682 -10.526493879429822 -0.027836124599989857 0.9982331973414588 -0.052494131983460354 -1.8948261795879733 0.47029028863023986 0.05941760861952085 0.88050928002266 31.46109100725268
0.8790602655563531 -0.001880905334519294 -0.47670694531873015 -10.96228810424357 -0.02593150081774615 0.9983229591578155 -0.05175738095881983 -1.9639802954457417 0.47600483903562646 0.05785958359251963 0.8775372708900562 32.27832146117796
0.8762796445965296 -0.0023816387054974575 -0.48179696165797287 -11.461762425303048 -0.02498012517329355 0.99841824690031 -0.05036861724161676 -2.015379788660286 0.48115483766881695 0.05617234242563155 0.8748340929195159 33.07541587550757
0.872921251918829 -0.001490770648603994 -0.487858858227803 -11.899240642328976 -0.02615689963592439 0.9984139803479785 -0.049853188936480886 -2.080253662535403 0.48715942416204955 0.05627878328974041 0.8714977877203858 33.92172107732086
0.8702179476184296 -0.0028473911925337597 -0.492658721638177 -12.384517693355416 -0.025449744532778585 0.9983883939316478 -0.05072401172812568 -2.1277876466613463 0.4920091809570057 0.05667898398855995 0.868743033714827 34.75944350732092
0.8682122633611679 -0.003405343890660357 -0.4961812868118492 -12.880314141034184 -0.025419167990204924 0.9983582006515366 -0.0513300018556971 -2.200795930611442 0.49554145300667146 0.05717785257253459 0.8667002720244356 35.59530516855905
0.8665053284019585 -0.003257495177774355 -0.49915719425465443 -13.37256835786894 -0.02602143537701993 0.9983242850208579 -0.05168662146539032 -2.2570065648287243 0.4984891179874772 0.057775519580128255 0.8649685477433925 36.47243676810002
0.8663313635040801 -0.0036801831393877753 -0.4994561290656262 -13.934998359306999 -0.02520809586431131 0.998376318055903 -0.05108110656620386 -2.3050182064822047 0.49883315899412295 0.056843502682301206 0.864831946502181 37.327524481023154
0.8664475914119967 -0.0018572692601364711 -0.4992645810462045 -14.46831486428523 -0.02611299267819747 0.9984557950172067 -0.04903199985662418 -2.380651867531346 0.4985846798185206 0.0555209505272287 0.8650611198654211 38.20599723702821
0.8663378564159824 -0.002825328964092635 -0.499450434034052 -15.024846355909784 -0.025093373181914843 0.9984749194698235 -0.04917476804293052 -2.4507076593121773 0.4988276667977753 0.055134859263151544 0.8649457243845534 39.0857179093351
0.865983241968519 -0.003533731161657252 -0.5000605337094379 -15.575449497310519 -0.025100020053427825 0.9984074657192112 -0.050522483999239656 -2.5014074197601484 0.4994427030431111 0.05630315390999905 0.8645154372460779 39.98379781928697
0.8649143480170404 -0.005708227611184929 -0.5018870258651772 -16.12463879867642 -0.023670464041892287 0.9983588654772217 -0.05214676265186955 -2.562938175689196 0.5013610273309014 0.056982382019075226 0.8633597908248535 40.89312662352889
0.8634333023992032 -0.007509406986193085 -0.5044071184219334 -16.677506055327733 -0.021237510017001582 0.9984616281246428 -0.051218603367907296 -2.6266275958874505 0.50401577403518 0.05493619908036006 0.8619455397844581 41.806687118724284
0.861234348085653 -0.009419583491507845 -0.5081207229825648 -17.206021356796278 -0.017392129192493153 0.9986962653210415 -0.047992535627413235 -2.708452736064049 0.5079103380712294 0.05017012139354869 0.8599477003863232 42.73516521308338
0.8582556318208644 -0.012058462862304047 -0.5130807576991794 -17.741503318890356 -0.013438827727713244 0.9988531141607673 -0.045954915304404445 -2.7674893321170466 0.513046458283333 0.046336268782980014 0.8571092589852236 43.65857914261842
0.8549145648032005 -0.015585852534758325 -0.5185346353794658 -18.410086391359158 -0.009480028397827982 0.998912299728027 -0.045654643943783865 -2.8330802436722338 0.518682191663574 0.0439465431271 0.8538369196739204 44.48859091156543
0.8493280017033573 -0.01913527280084186 -0.5275185180232213 -18.950825324963414 -0.007949433770366334 0.9987657548676999 -0.04902829189638599 -2.9058928750030706 0.5278056006005524 0.0458345747049535 0.8481276081677247 45.40316435696345
0.8433510019184751 -0.021506674074135874 -0.5369325381585376 -19.5330215732356 -0.008349046794420115 0.9985537391364775 -0.05311048365602457 -2.964415887399243 0.5372982235041599 0.04927365449021521 0.841951736141955 46.306502974803884
0.8368878186821639 -0.0223073346695363 -0.5469197032118582 -20.1083958702438 -0.008089065075704546 0.9985561128619211 -0.05310608714906014 -3.0283443835195745 0.5473146681458555 0.04886790650338729 0.8354990016429511 47.21370270858367
0.830767329929732 -0.021971211061468533 -0.5561860384852475 -20.698306912979753 -0.006257309085337904 0.9987888739508685 -0.04880196056469778 -3.0953893027730435 0.5565846652616584 0.044023302425421615 0.8296236853171006 48.11499498148157
0.8245586351382224 -0.019732676627376298 -0.5654322936409879 -21.266305514926962 -0.006750108359871395 0.9989773707329169 -0.044706250129817035 -3.1565981272098163 0.5657362400059941 0.04067965384143694 0.8235822196400435 49.02556013662319
0.820123896591298 -0.021194599573587727 -0.5717933046029997 -21.889521692446774 -0.006486962441665435 0.9989050996576285 -0.046330564385239775 -3.2129122135956445 0.5721492056781907 0.04170600468625201 0.8190884540847377 49.88867207110279
0.8163387325727283 -0.022153181041230766 -0.577148430017187 -22.489349266876648 -0.008358504836715169 0.9987063807543733 -0.05015675864115078 -3.2833397469027674 0.5775129514551552 0.0457690027228742 0.8150975336064444 50.76189165807668
0.8132034826273143 -0.019999753576053585 -0.5816357156328198 -23.120129032347336 -0.014388001531727434 0.9984129892376828 -0.054447115014382264 -3.3601340285569417 0.5818015823755799 0.05264515911613765 0.8116251634633488 51.608855276260456
0.8102752157295117 -0.020030932113477316 -0.5857071252197263 -23.75596912880887 -0.015903948502136202 0.9982960602888887 -0.05614303548720145 -3.4141979537022946 0.585833712922475 0.054806366147930205 0.8085759846997226 52.46473702776219
0.8064569556127215 -0.020200643094072893 -0.5909476396115351 -24.36863269430564 -0.014005271244393238 0.99848329287387 -0.05324440091800156 -3.4763631594140616 0.5911269162550713 0.05121569945174787 0.8049508811153869 53.34112855569739
0.803426189351464 -0.021674266807274557 -0.5950097347292317 -25.031620783316598 -0.009925917728863629 0.998710758890555 -0.04978248922546756 -3.5491484098356585 0.5953216226725043 0.045902573289642694 0.802175242290589 54.18629173377998
0.8007076536402453 -0.02104062189779221 -0.5986856818332009 -25.697170596205922 -0.00896405582136586 0.9988502776043792 -0.047093190939647915 -3.6270249688557064 0.5989882295213841 0.04307453029112251 0.7995984528093063 55.027967327803104
0.7972740615082167 -0.01967525551005069 -0.6032967388995273 -26.340282004391934 -0.01087258512534683 0.9988383750075153 -0.04694345007592032 -3.678003057704943 0.6035195587045068 0.04398619025276611 0.796134007142117 55.888824930550086
0.7938786927026227 -0.019426953628789174 -0.6077657564765206 -27.001656475604253 -0.012517679785038847 0.9987556095087401 -0.0482756684844074 -3.7466980653459254 0.6079473077212959 0.04593284170963119 0.7926476172214897 56.738396037777036
0.7896028098153793 -0.020856975994111765 -0.6132637191975706 -27.65661006679725 -0.01339665313535197 0.9985980053626632 -0.05121087160431656 -3.813722281903113 0.6134720306716737 0.048651929438448385 0.7882163772375504 57.586360429899315
0.7854436308678928 -0.02160644368899335 -0.6185559508404826 -28.333388739150354 -0.013290727401847967 0.9985712565346704 -0.051757146249494616 -3.89080164671044 0.6187904809337238 0.04887337939897498 0.7840342680597157 58.4313276033261
0.7809247498874778 -0.022740678461533378 -0.6242110192525335 -29.008455523830605 -0.012067518264087152 0.9986012533945261 -0.05147729326430493 -3.967208505146083 0.624508534782451 0.04773257024278611 0.7795580104917741 59.26250770879932
0.7762312651566644 -0.021850701549740694 -0.6300694960360054 -29.694341694490348 -0.012579711765185396 0.9986634038959037 -0.05013139306805656 -4.0480699625989915 0.6303227537104995 0.04683964731745219 0.7749188819444196 60.095675751156506
0.7710020821048785 -0.024013112124276648 -0.6363797292780836 -30.407188102160976 -0.011704150735261765 0.9985857420760093 -0.05186066503684877 -4.12902334936759 0.6367250601676573 0.047432964999089874 0.7696306332169272 60.90947722806028
0.7657945117395486 -0.025677342207423848 -0.6425725172202331 -31.12991576760218 -0.011336611124705675 0.9985082512029234 -0.05341117418555331 -4.195436065130285 0.6429854174379009 0.04818657880401086 0.7643610446545358 61.72380410953414
0.7608725487716242 -0.0264308820509553 -0.648362840545153 -31.855092270682835 -0.011331621172980954 0.9984765582666244 -0.05400145325470981 -4.278772263252446 0.6488024035770548 0.04843522546697865 0.75941389903438 62.536623025634924
0.7544808970608357 -0.026660867289249178 -0.6557802788477711 -32.54396584515958 -0.012032974230807795 0.998444755569296 -0.05443599551144296 -4.365610465713091 0.6562116910734193 0.048961905922320595 0.7529866853185502 63.38384493086226
0.7484334779859543 -0.0286958085019551 -0.6625887711124193 -33.29055021074626 -0.011694172662068403 0.9983371722895845 -0.056445874522223126 -4.434260419667066 0.6631067601492214 0.04999440967996287 0.7468533883200603 64.20574731848787
0.7419575202658003 -0.03049128188925456 -0.6697531783050926 -34.02568828502022 -0.010900413326706573 0.9982846362957366 -0.05752361189275462 -4.508023675812538 0.670358276677726 0.049980662907081724 0.7403524256899804 65.03252892562459
0.7353739195556224 -0.03212223513394033 -0.6768998156650655 -34.7735724160729 -0.009108974069366877 0.9983171177747788 -0.057270925863425075 -4.582878181707257 0.6776003431439537 0.04828140809721897 0.7338437712506294 65.82981849865803
0.7294826234696844 -0.034110772221713645 -0.6831482688803527 -35.5710694786051 -0.007190694588942857 0.9983181037353869 -0.057526147667844536 -4.660974571951274 0.6839615456786395 0.046876635679327726 0.728010429224935 66.60342295369132
0.7217432004001356 -0.03860479510984088 -0.6910835133836537 -36.331981502652596 -0.005559666648922229 0.9980878531040545 -0.061560763420263356 -4.710518539485073 0.6921386008473456 0.04827325637099597 0.7201484915879637 67.41857798856809
0.7154033978182803 -0.04117112058441143 -0.6974976109062181 -37.152165682772015 -0.005996716328409815 0.997863891255978 -0.06505147131884628 -4.7639979838160444 0.6986859221304913 0.050720738926929694 0.7136283268336338 68.18833782059681
0.70776309740064 -0.0405922682045277 -0.7052826849709715 -37.90593770172446 -0.007107066664105355 0.9978881872662563 -0.06456512462536836 -4.843409388873433 0.7064141048714153 0.05070930364803747 0.7059799423229022 69.02659734472712
0.699745482922456 -0.04173999557328316 -0.7131718109257827 -38.67319171368867 -0.005967063525623724 0.9979153515201055 -0.06425998251927482 -4.932025911836503 0.7143673097801293 0.04922117400101736 0.698037694360027 69.86626174441771
0.6944989672257967 -0.04262763306887986 -0.7182298165777063 -39.508338765832214 -0.005536762866948968 0.9978971739689315 -0.06457998483870397 -5.017100349038753 0.7194723961204182 0.048827400952301134 0.692802537623086 70.63712851217376
0.6887806581756422 -0.04375793272422991 -0.7236480140557496 -40.305956340940455 -0.006113102172380209 0.9977907320182101 -0.06615349635798903 -5.096818584762074 0.7249440219113188 0.04998898300883908 0.6869914604074666 71.45259148728152
0.6846104896570683 -0.04429525840965864 -0.7275619613022181 -41.19182047761711 -0.007273941293043878 0.997686971810356 -0.06758547224025942 -5.193878075413652 0.7288728059336375 0.05156196623767298 0.682704765186337 72.17373099552496
0.6796025747442267 -0.04738638491953682 -0.7320484075013582 -42.05772444170251 -0.007585810033974112 0.9974041826122206 -0.07160553046914936 -5.262790739002969 0.7335412707456519 0.054216483027739286 0.6774789864497334 72.92986662467769
0.674660322946487 -0.047131551604190636 -0.7366220642127973 -42.93456427042722 -0.008664545280428081 0.9973848866070528 -0.07175174996410684 -5.35771027363532 0.7380774852932616 0.054790554032694755 0.6724876362372522 73.68127878737617
0.6693229996100485 -0.04822040536979943 -0.7414050948698557 -43.78066193173436 -0.00716479418168916 0.9974263208806797 -0.07134003181073091 -5.462533793591569 0.7429370013112425 0.05306153899383363 0.6672548877020429 74.47439478052887
0.6643608617102461 -0.05141368038340925 -0.7456415217093627 -44.66633994006451 -0.0037368013513796494 0.9973902786626184 -0.07210179155162387 -5.559899798783721 0.7474026235860296 0.050687922612058386 0.6624349422833874 75.23173482293667
0.6590576187880367 -0.05259273911976446 -0.7502513304948714 -45.55215229449792 -0.0037196938151185556 0.9973118650907397 -0.0731792841393077 -5.657532051872391 0.7520832527023621 0.05102006998329222 0.6570903541093387 75.99028513747749
0.654272107921936 -0.0528376620773766 -0.7544111546508211 -46.431341995165795 -0.0039909386382140965 0.9973011832119394 -0.07331045200270427 -5.764608831544568 0.7562486900512112 0.05097579259071561 0.652295475505983 76.75542530304101
0.6489521077704856 -0.05440974873196858 -0.758881243056626 -47.29337465939254 -0.003034498996560353 0.9972465829650804 -0.0740948350446919 -5.86441825439578 0.7608232078716345 0.05038682374772376 0.647000165654177 77.56165337275345
0.644283866781732 -0.05549752322513272 -0.7627701645454262 -48.18848177050229 -0.0026834998573139744 0.9971934215231644 -0.07482031074133984 -5.971036127614337 0.7647817321519229 0.0502524127459629 0.6423267059525977 78.33900957487454
0.6397583185719028 -0.05824686436017131 -0.7663658373193971 -49.08095824022544 -0.002331067460082001 0.9969725122159336 -0.0777198559593153 -6.063678381962314 0.7685726120169442 0.0515083748340765 0.6376856807075136 79.12278135965683
0.6359867754193327 -0.061487091822364684 -0.7692464878249031 -49.96888471177028 -0.002315344794920199 0.9966641730880377 -0.08157919625252585 -6.191963469104706 0.7716964822196614 0.0536643608175415 0.633722869800235 79.91069751791659
0.6312693422676277 -0.06696348448928595 -0.7726673988580413 -50.893835424694075 0.00018604534810624787 0.9962786288747537 -0.08619082917897206 -6.313644077326542 0.7755636549633599 0.05426587687012089 0.6289326130098458 80.672349538488
0.625849097008533 -0.07396279166938745 -0.7764292712295668 -51.87500535658752 0.0051925677398248936 0.9958664633493065 -0.09068089333702549 -6.456000899235333 0.7799268844025521 0.05272089362486277 0.6236461836342184 81.35168169967666
0.6185729077996107 -0.08068384555490882 -0.7815738447535253 -52.866360816807095 0.008543358743060158 0.9953455911644133 -0.09599044312295488 -6.573699855843166 0.7856809586325244 0.05269982178361787 0.6163831276294427 82.03338002979804
0.609821893858992 -0.0851689994932105 -0.787948919217204 -53.840587392479755 0.012132762265670652 0.995095755042318 -0.09816941670680013 -6.698694958594299 0.7924456157049756 0.05030586270081969 0.6078645131342096 82.7523202811864
0.603822713734567 -0.08532007992617797 -0.7925393456098039 -54.83295709665743 0.014500588205967967 0.9952663742199296 -0.09609670800180908 -6.852689641339205 0.7969867397390656 0.046533088318896326 0.6022016343149544 83.44960208626783
0.5935931682860627 -0.08653501859675909 -0.8000992695413327 -55.80479226235132 0.014132854111985265 0.9951696207917125 -0.09714776522348853 -6.955800111235908 0.8046411703354261 0.04635856349938823 0.591948874981202 84.18798150304379
0.5837031978429018 -0.08620033216654774 -0.8073785230995113 -56.78524255853509 0.012066302723555564 0.995159879802512 -0.09752547344167754 -7.098052325174643 0.8118774422082156 0.04718385704683504 0.5819181235084806 84.91107300035496
0.5744150045281293 -0.08641246519214775 -0.8139903491027187 -57.8072981273835 0.010296785314166598 0.9950964104291855 -0.09837230384174996 -7.23192716913422 0.8184994677977155 0.04812504348418791 0.5724880797051612 85.58266440443988
0.564158976386703 -0.08825298423621317 -0.8209360877289483 -58.82394885428831 0.009530039628912437 0.9949009540757611 -0.1004055273568247 -7.349993755447772 0.8256111843398074 0.04882112608833294 0.5621233582946802 86.2739463877001
0.554829047388916 -0.09230373355687561 -0.8268281253954597 -59.863993382725965 0.012788905886349379 0.9946551703365096 -0.10245748390952066 -7.484375340504486 0.8318660781999339 0.04627216111551621 0.553044044399687 86.93111551373124
0.5444093215478749 -0.09430404641890201 -0.8335017921041352 -60.90093448347495 0.014288263264059211 0.9945586355422197 -0.10319382734100684 -7.6276908734709306 0.8386980005607977 0.04427038849399798 0.5427944330572231 87.6028310919167
0.5350056976309578 -0.09528550087952677 -0.8394579065233414 -61.95376587889149 0.014706349399253476 0.9945193124311831 -0.1035135763498871 -7.784841621239945 0.8447204429808477 0.043034991850049616 0.5334748004233265 88.2495639889344
0.5248424099527648 -0.09514965272567628 -0.8458646394673071 -63.01806173362041 0.013429910685409783 0.9945345919518058 -0.10354024777943803 -7.947114619417931 0.8510934626784273 0.0429824266116754 0.5232517833592326 88.88092044195456
0.5153163147913304 -0.0939331074202544 -0.8518366434007507 -64.0968443166053 0.011322419419156834 0.9946344882674055 -0.10283013939270678 -8.091389745417816 0.8569252584259487 0.04334519672813951 0.5136149290978808 89.50702819263822
0.5052773992490495 -0.09514952224196523 -0.8576953528061364 -65.17873644555887 0.010725560006419685 0.9945184563644335 -0.10400962605953079 -8.232668425279028 0.8628903245318407 0.04335445037847746 0.5035282310473922 90.11788880797447
0.49582824902289985 -0.09410460749580979 -0.8633068228150089 -66.26782895602686 0.01020665199678998 0.994674223707588 -0.10256223938035866 -8.395253403824423 0.8683606230857672 0.04204178326090465 0.4941480716691536 90.74252997993635
0.48756032469023286 -0.09329215611922058 -0.8680907230206888 -67.37814582720105 0.011469830660445561 0.9948734402618641 -0.10047527479999438 -8.547784131182244 0.8730139590937682 0.03903090401387574 0.4861308627924024 91.33638786694861
0.4796702028069164 -0.09450873535066316 -0.8723443101674877 -68.4915123185646 0.013652852514789121 0.994866044226592 -0.10027538911982792 -8.688347631989302 0.8773426332724185 0.03618912802681923 0.4784979110249898 91.9351419225296
0.4696649783617242 -0.09428300023786236 -0.8777958327348269 -69.54308879777528 0.013232348482191646 0.9949211996036397 -0.09978332291967325 -8.84060994146565 0.8827455539701841 0.03524943184496761 0.4685272291985618 92.63616068510859
0.4617816529552777 -0.10003631727589521 -0.8813344655803316 -70.65520158082528 0.015340236805566424 0.9943719347560517 -0.10482906326132169 -8.987890387740649 0.8868609711384536 0.03488825870365803 0.46071729648015974 93.23390582591932
0.45514279463270796 -0.10501064292095169 -0.8842046151017636 -71.78812578943845 0.01583086743819342 0.9938188005353364 -0.10987982225436073 -9.139498321765283 0.8902777207872178 0.036013283324681254 0.45399187580186345 93.79879739342584
0.4495899364305525 -0.10644933726167011 -0.8868694535594991 -72.92802754774578 0.014274198952091687 0.9936029520068339 -0.112024198312559 -9.298166565515343 0.8931210087690518 0.03770560117338693 0.44823336704835687 94.34558371671325
0.44314029831941754 -0.11057842927582909 -0.8896061414942401 -74.05202263714503 0.014049154725139292 0.9930978676394002 -0.11644417779165997 -9.457186875067984 0.8963421764353653 0.03910289335786978 0.4416352187882638 94.93152860893879
0.4393844390675042 -0.11357046799564388 -0.8910909400866937 -75.19185393242557 0.015814753035710682 0.9927999839738245 -0.11873535870996042 -9.617145463862345 0.8981599012936146 0.0380780858344256 0.43801695296807064 95.4602398365092
0.4341970782934679 -0.11577429359011976 -0.8933471946254301 -76.31716710544471 0.019824878238698416 0.9926946641795995 -0.11901377194326741 -9.782927303061777 0.9005997287387099 0.033964932696120914 0.43332033409789616 96.03096056344158
0.43065794792543094 -0.11944960412868003 -0.8945756110928577 -77.50320131974651 0.024574212229201847 0.992387272706978 -0.1206797790125219 -9.954626141656757 0.9021806027520054 0.029988215063564437 0.4303148463338579 96.56524077031031
0.4269911718957848 -0.12333012100269355 -0.8958059055267089 -78.59243050130877 0.02786289159600452 0.9919794765780501 -0.12328981028389101 -10.113836954251898 0.903826420500626 0.027683917739177343 0.42700281299265236 97.08717526910014
0.4214311211990783 -0.12015308949014826 -0.8988654210563791 -79.62702281989911 0.028732337247643784 0.992455358168726 -0.11919234387520193 -10.357593987930997 0.9064051317601729 0.024404858699636368 0.42170385342165967 97.75406697878758
0.41876537620336274 -0.12293057637985716 -0.8997353127915863 -80.75686309233143 0.03126679917742169 0.9921592445465319 -0.12100587064289305 -10.50977233286265 0.9075560296546191 0.022541225604698498 0.41932558494060984 98.26683671667485
0.41644731816146613 -0.12626209135474703 -0.9003496628992806 -81.89197260040196 0.033585644921670925 0.9917700941572675 -0.12354790484047803 -10.656041260213073 0.9085392867957438 0.02121236955180486 0.4172605897118504 98.76328435723788
0.4137053289146826 -0.13024032420473486 -0.9010468127564957 -83.01557838141584 0.035103601872596646 0.9912605035050626 -0.1271626962849264 -10.821125034369002 0.9097338280855368 0.020977896508658334 0.41466165713134007 99.25186163712169
0.41073344213170854 -0.12971637052221768 -0.9024808600370319 -84.07631243803463 0.03569613209714634 0.9913566539443522 -0.12624488438567827 -11.017836175428839 0.9110564338546445 0.019637919920222232 0.4118137035520637 99.80822851784067
0.4099634454296858 -0.13446197823655556 -0.9021363255185619 -85.18748353439688 0.03901470554236614 0.990753902724572 -0.1299405902228565 -11.176862941554589 0.911267154111715 0.01807430896975149 0.41141887802142 100.24082173455324
0.409561691200591 -0.13558989215146788 -0.9021499887752945 -86.28777409463436 0.042484937280166134 0.9906551991564828 -0.12960442310555217 -11.406644004629156 0.9112926265504472 0.014753221023767202 0.4114949468270705 100.65893660763072
0.40932281349618316 -0.13905494343344157 -0.901730867309249 -87.38672119412828 0.043258504832929666 0.9901640562104156 -0.13305579111241142 -11.575428255122484 0.9113635586916942 0.015455241688594926 0.41131204625340195 101.07888223415311
0.40899661357180506 -0.1381191904680946 -0.9020226490012507 -88.43631181233016 0.04278047224537806 0.9902943836176896 -0.13223791048604389 -11.78214443259369 0.9115325563474183 0.015495902674304285 0.4109358535331912 101.56967751940991
0.41036248565018246 -0.13789026844425248 -0.9014371327160726 -89.50723452433172 0.04175916008006524 0.9903063878705575 -0.13247426426355266 -11.973804037124452 0.9109658626537067 0.01671921084066641 0.41214277267526617 101.98164533681724
0.41124844372279273 -0.13742735964912767 -0.9011040108419506 -90.55123175021173 0.040687639781362146 0.9903516452378403 -0.13246937285167895 -12.152268718358439 0.9106147558131288 0.01781402802751065 0.41287216774788027 102.43608310550168
0.4178802103647047 -0.13223467086858057 -0.8988270810371859 -91.60500548497076 0.041295789718868624 0.9910926657092537 -0.12660957992510707 -12.402732410457448 0.9075631038870224 0.015789863761155782 0.41961874679923544 102.79144782743276
0.42172554187132233 -0.13068665525302778 -0.8972561314764672 -92.62305306459557 0.03944875510324486 0.9912661853743328 -0.12583777435339147 -12.5678947349911 0.905864980587143 0.01767336618156644 0.4231976950240518 103.2623345625355
0.4293668504053654 -0.1308162730492303 -0.8936057354776127 -93.67315363575706 0.03689117080605131 0.9911685986380978 -0.12737288012108297 -12.702552567617959 0.9023763900333034 0.021723530543879103 0.43040090489121374 103.64985353157127
0.43492962985035205 -0.12801592284104418 -0.8913182038853413 -94.66738655026371 0.037039667273916714 0.9915484017599362 -0.1243375647805018 -12.897053033529097 0.899702328621236 0.02106396131938098 0.4359954465439566 104.14114658059697
0.4394148794014439 -0.12725377465618354 -0.8892249662466565 -95.64586350370335 0.03729564699654002 0.9916458390835625 -0.12348102908284656 -13.057616003309088 0.8975096648369449 0.02109518106116102 0.4404899486484052 104.66446049451376
0.44704353726602897 -0.12669808340785604 -0.8854940267723165 -96.64386209018481 0.037400402346607214 0.9917001147515251 -0.12301256970779711 -13.214984726610739 0.8937299847789542 0.021874141413556918 0.4480716865016502 105.13874884652279
0.45809165147339476 -0.12601587667723893 -0.8799272911301502 -97.65291344231166 0.03847367818602376 0.991783458189742 -0.12200552507172056 -13.403722125165364 0.8880719649539768 0.022035673042943456 0.459176016551747 105.56893250572756
0.46996153029552457 -0.12375013687696802 -0.8739691434285419 -98.65357006455893 0.03769867640446118 0.9920341603515176 -0.12019581728580742 -13.565423529888054 0.8818814942154312 0.023539930301164042 0.4708831084693714 106.01890869717259
0.47978696544414834 -0.12267404609329673 -0.8687666811089121 -99.62156866226802 0.035959917103840264 0.9920946587076807 -0.12022924987525963 -13.724517455951675 0.8766477925323154 0.02644364912002361 0.48040543426301757 106.51917495207985
0.48955301684275493 -0.11994220928020326 -0.8636849600017008 -100.565097583851 0.03218264133801487 0.9923049629666443 -0.11956227694497676 -13.877410756598353 0.8713794358926923 0.030736410082231345 0.48964594535091677 107.05737790192575
0.499824337269387 -0.11733024084599272 -0.8581429056143489 -101.49770956908178 0.029145190929283422 0.9924993781085207 -0.11872464908302474 -14.02910208999311 0.8656362918217526 0.03433073021672462 0.49949495617460943 107.60763644459168
0.5137840392463564 -0.11343344649121369 -0.8503874494798368 -102.46369133916765 0.027400825682803467 0.9928844721491277 -0.11588623609834264 -14.175927407419241 0.8574818690605653 0.03623918020962405 0.5132363646996747 108.10637087254354
0.5280157408485268 -0.11222831874565495 -0.8417863041697126 -103.42762868962232 0.02813247812349041 0.9929969324012952 -0.11474169214475122 -14.325870633892626 0.8487684849773902 0.03690388479731772 0.5274752716441368 108.60717990134911
0.5406106984700801 -0.11055298116973002 -0.8339772844953126 -104.36224757896848 0.028012281697621128 0.9931437291750067 -0.11349381161299418 -14.451885115856204 0.8408063895890577 0.03799436214543429 0.540000966361523 109.15900303978464
0.5517910063477862 -0.11044654019823338 -0.826636708035601 -105.26697534617252 0.027617411540450117 0.9930682672474832 -0.11424839239953656 -14.571609566444643 0.8335250229558222 0.040211669255496615 0.5510163861104188 109.74904676594507
