0.022304 0.000000 0.000000 0.000000 -0.000000 0.000000 -0.000000 1.000000
0.330437 0.105132 0.259637 0.959966 0.001678 -0.000715 -0.001971 0.999996
0.139885 0.164523 0.423197 1.944711 0.000998 -0.000154 -0.002983 0.999995
0.152441 0.232582 0.643800 2.917697 0.002009 -0.000130 -0.002676 0.999994
0.205102 -0.119119 0.836151 3.833834 0.003472 0.006758 0.003392 0.999965
0.141164 -0.179104 1.110825 4.793499 0.004489 0.009051 0.004522 0.999939
0.120192 -0.046859 1.319058 5.762597 0.005815 0.008535 0.005349 0.999932
0.128470 0.072273 1.496323 6.739523 0.006842 0.008644 0.005953 0.999922
0.163736 0.141257 1.681246 7.719851 0.007598 0.009003 0.007085 0.999905
0.221027 0.220479 1.814639 8.707743 0.006367 0.009404 0.007804 0.999905
0.251160 0.408235 2.016893 9.668910 0.006960 0.007953 0.006599 0.999922
0.210939 0.587042 2.216039 10.632429 0.007616 0.006312 0.005387 0.999937
0.168759 0.725589 2.432062 11.598937 0.008952 0.005055 0.002544 0.999944
0.182959 0.763041 2.556750 12.590426 0.007467 0.005599 -0.000162 0.999956
0.213625 0.667634 2.901378 13.524305 0.009043 0.007871 -0.003246 0.999923
0.250405 0.734677 3.057352 14.509788 0.007688 0.007338 -0.002651 0.999940
0.249437 0.805068 3.226937 15.492787 0.008919 0.007748 -0.000317 0.999930
0.252386 0.918850 3.418631 16.467624 0.010854 0.007874 -0.000130 0.999910
0.247750 0.797774 3.738049 17.407470 0.014585 0.011582 -0.002150 0.999824
0.867490 0.856191 3.997361 18.371496 0.017533 0.012698 -0.006809 0.999742
0.196117 0.927829 4.104835 19.363119 0.015350 0.012890 -0.005715 0.999783
0.122416 1.016991 4.267193 20.345815 0.013568 0.013678 -0.005606 0.999799
0.124487 1.118118 4.425373 21.328033 0.014835 0.013303 -0.004447 0.999792
0.120955 1.069410 4.804731 22.252000 0.022007 0.016250 -0.006177 0.999607
0.120185 1.089028 5.015931 23.229246 0.023975 0.017694 -0.007599 0.999527
0.114619 0.926745 5.444942 24.117848 0.031461 0.022975 -0.009971 0.999191
0.114661 0.764950 5.927107 24.978859 0.042406 0.028952 -0.011111 0.998619
0.111623 0.913194 6.001292 25.965023 0.040967 0.028041 -0.012766 0.998685
0.119904 0.979653 6.121669 26.955525 0.041076 0.028327 -0.013269 0.998666
0.115546 0.809015 6.371782 27.908586 0.044979 0.034453 -0.012198 0.998319
0.131133 0.960874 6.446948 28.894126 0.044136 0.034454 -0.010224 0.998379
0.121695 1.027124 6.571270 29.884153 0.044589 0.035301 -0.006748 0.998359
0.133410 1.003508 6.712800 30.873806 0.046401 0.038546 -0.004216 0.998170
0.143098 1.039338 6.831725 31.866062 0.048886 0.040157 -0.000305 0.997997
0.146926 1.094689 6.877197 32.863493 0.050110 0.040911 0.003929 0.997898
0.159660 1.217402 6.982245 33.850360 0.050989 0.041704 0.002497 0.997825
0.142128 1.382460 7.065272 34.833143 0.051560 0.040563 0.004390 0.997836
0.175932 1.348126 7.283481 35.808441 0.055698 0.045489 0.005423 0.997396
0.250698 1.549377 7.354641 36.785392 0.054703 0.045877 0.002248 0.997446
0.160371 1.519994 7.500701 37.774232 0.057558 0.052153 0.001325 0.996978
0.175892 1.462974 7.592549 38.768371 0.063454 0.058796 0.001863 0.996250
0.123274 1.423064 7.664874 39.764953 0.059185 0.065855 0.000773 0.996072
0.128831 1.508839 7.768976 40.755814 0.054717 0.068560 0.001026 0.996145
0.120485 1.716324 7.871654 41.728649 0.053784 0.068287 -0.001615 0.996214
0.126623 1.844479 7.971986 42.715315 0.057477 0.068904 0.001238 0.995965
0.140242 1.950141 8.049444 43.706696 0.058572 0.071187 0.002557 0.995739
0.124247 2.120083 8.154084 44.686578 0.059907 0.071577 0.002673 0.995631
0.141134 2.317013 8.208203 45.665501 0.060858 0.071613 0.000049 0.995574
0.125245 2.486970 8.229943 46.650713 0.060957 0.070892 -0.000179 0.995620
0.114016 2.633133 8.272777 47.639045 0.060717 0.070767 0.000936 0.995643
0.128945 2.770224 8.296097 48.629329 0.059675 0.070498 0.002086 0.995723
0.141524 3.024502 8.383138 49.592536 0.059371 0.070195 -0.000804 0.995765
0.118899 3.233196 8.474700 50.566221 0.060553 0.069462 -0.001097 0.995745
0.124511 3.427920 8.505699 51.546589 0.062193 0.068927 -0.001374 0.995680
0.113736 3.635447 8.518974 52.524728 0.063002 0.068178 -0.000225 0.995682
0.120236 3.792158 8.572660 53.510913 0.062910 0.067987 0.000885 0.995700
0.111248 3.424098 8.867752 54.392645 0.067522 0.076934 0.001111 0.994747
0.108406 3.691748 8.864176 55.356155 0.066455 0.076703 0.001042 0.994836
0.113235 3.909909 8.899136 56.331441 0.066300 0.076046 0.001139 0.994897
0.131943 4.145694 8.916624 57.303089 0.066461 0.074894 0.000558 0.994974
0.128981 4.191409 8.979742 58.300047 0.066471 0.076964 0.001041 0.994815
0.114050 4.417045 9.020961 59.273387 0.065802 0.076966 0.000232 0.994860
0.119672 4.691621 9.033392 60.234872 0.065241 0.076474 -0.001490 0.994934
0.127094 4.993114 9.070170 61.187631 0.065675 0.074453 -0.002325 0.995057
0.122522 5.268938 9.079450 62.148794 0.065250 0.072681 -0.002248 0.995216
0.132882 5.505771 9.091639 63.120268 0.064923 0.070520 -0.001036 0.995395
0.132050 5.648980 9.187889 64.105269 0.064252 0.070739 -0.000984 0.995423
0.112278 5.788827 9.314280 65.087342 0.063960 0.070771 -0.001329 0.995439
0.121169 6.014486 9.359745 66.060487 0.063195 0.069699 -0.001405 0.995563
0.133444 6.315053 9.528658 66.999171 0.064369 0.068930 -0.004123 0.995534
0.116471 6.540964 9.495935 67.972770 0.063585 0.068182 -0.004349 0.995635
0.112547 6.753092 9.475321 68.949794 0.063107 0.068003 -0.004896 0.995675
0.105098 6.846869 9.466911 69.945352 0.063234 0.068928 -0.005631 0.995600
0.104838 7.108516 9.449458 70.910358 0.062433 0.068899 -0.007642 0.995639
0.107820 7.438208 9.517566 71.851986 0.062580 0.067661 -0.007755 0.995714
0.108024 7.433151 9.543026 72.851649 0.062975 0.068344 -0.007194 0.995646
0.109553 7.183281 9.253826 71.927567 0.065049 0.068134 -0.007979 0.995521
0.107529 7.394288 9.219644 72.904454 0.066929 0.068023 -0.008202 0.995402
0.104208 7.469237 9.430900 73.879007 0.068992 0.068556 -0.008300 0.995224
0.103472 7.700680 9.526263 74.847170 0.068902 0.068417 -0.008687 0.995237
0.109783 7.842239 9.526542 75.837100 0.068606 0.067738 -0.008132 0.995308
0.107519 7.660345 9.249424 76.780561 0.065497 0.071292 -0.009327 0.995259
0.105558 8.098076 9.515576 77.639371 0.066584 0.069838 -0.009168 0.995291
0.108399 8.495107 9.443738 78.554361 0.065889 0.069096 -0.010274 0.995379
0.106477 8.668708 9.491036 79.538040 0.066437 0.069114 -0.009971 0.995344
0.106217 8.906395 9.644215 80.497228 0.067362 0.068515 -0.008675 0.995336
0.105726 9.035030 10.072731 81.391559 0.070882 0.068831 -0.008224 0.995073
0.107150 9.171850 10.044658 82.381757 0.071228 0.070050 -0.008789 0.994958
0.105538 8.869690 9.845065 81.449629 0.072590 0.069650 -0.008582 0.994890
0.105555 9.143905 9.857792 82.411213 0.072099 0.070004 -0.010119 0.994886
0.105058 8.757110 9.669905 81.508391 0.072797 0.068912 -0.010863 0.994904
0.103098 8.485386 9.258710 80.638285 0.076272 0.068163 -0.010903 0.994695
0.109045 8.298834 9.269873 79.655903 -0.118604 -0.067456 -0.990645 0.002165
0.106652 8.446272 9.317095 80.643847 -0.119761 -0.066694 -0.990555 0.003249
0.105408 8.610002 9.451883 81.621100 -0.121413 -0.064683 -0.990487 0.003325
0.105204 8.495837 9.615139 80.641144 0.225072 -0.007397 -0.022883 0.974045
0.106786 8.669568 9.477249 81.616236 0.225199 -0.008796 -0.022235 0.974019
0.120764 8.898210 9.881248 80.730512 0.223133 -0.006463 -0.023807 0.974476
0.121958 8.860383 9.550037 81.673310 0.221972 -0.006988 -0.022721 0.974763
0.112095 9.049311 9.774702 82.629256 0.224464 -0.007612 -0.023067 0.974180
0.121146 8.842811 10.100479 81.706636 0.223848 -0.008425 -0.026135 0.974237
0.108809 8.771877 9.897687 82.683285 0.234282 -0.008153 -0.026045 0.971785
0.112191 8.935593 9.518894 83.594171 0.244937 -0.010021 -0.022453 0.969227
0.104811 8.870593 9.052830 84.476530 0.242521 -0.010652 -0.021512 0.969849
0.106471 8.835059 8.829088 85.450531 0.226828 -0.008674 -0.024996 0.973575
0.106492 8.816514 9.064101 86.422346 0.218873 -0.008695 -0.024735 0.975401
0.110361 8.396209 8.934300 87.320397 0.230381 -0.007437 -0.018690 0.972892
0.103587 8.038176 8.626521 88.201922 0.239109 -0.005358 -0.016185 0.970843
0.105674 7.693714 8.043803 88.937982 0.235990 -0.003435 -0.018190 0.971579
0.105954 7.537996 7.771589 89.887536 0.231547 -0.003644 -0.017431 0.972661
0.104485 7.569347 7.734662 90.886362 0.230223 -0.003676 -0.015811 0.973002
0.106626 7.352768 7.397948 91.802723 0.231267 -0.003931 -0.013920 0.972783
0.107981 6.608023 6.786658 91.534995 0.213979 0.000617 -0.011120 0.976775
0.103244 6.923752 6.391421 92.397609 0.204327 -0.000233 -0.010754 0.978843
0.105628 7.132286 5.950431 93.270558 0.205481 -0.000300 -0.008434 0.978625
0.107951 7.281097 5.651631 94.213200 0.218605 -0.004238 -0.004617 0.975793
0.109163 7.480323 5.209816 95.087905 0.224345 -0.004704 -0.006069 0.974480
0.106806 8.012192 4.666945 95.737833 0.215684 -0.006683 -0.008986 0.976399
0.106606 7.528188 5.273258 95.106862 0.212786 -0.009131 -0.009801 0.977007
0.108570 8.070767 4.488657 95.406879 0.542581 -0.695895 0.454849 -0.120199
0.106153 7.548384 5.230756 95.826885 0.543575 -0.695635 0.453435 -0.122540
0.102341 8.115872 4.539815 95.379049 0.544741 -0.695653 0.451981 -0.122626
0.106925 8.122868 4.693795 94.390999 0.542851 -0.691596 0.460206 -0.123360
0.107486 8.733008 4.495336 93.623964 0.540368 -0.692315 0.461821 -0.124195
0.105867 9.501297 4.227202 93.042727 0.538661 -0.693740 0.462022 -0.122901
0.105376 9.885766 4.009284 92.145679 0.535646 -0.693014 0.466111 -0.124720
0.105292 10.347753 3.353877 91.548176 0.535984 -0.692974 0.465773 -0.124752
0.107307 10.862239 2.750911 90.938475 0.536244 -0.693254 0.465176 -0.124304
0.104866 11.512992 2.287713 90.336837 0.536216 -0.693313 0.465536 -0.122742
0.101799 12.319396 2.086987 89.780580 0.536209 -0.693712 0.465974 -0.118789
0.104261 12.696652 2.637605 89.035933 0.529274 -0.693485 0.476089 -0.110847
0.103432 13.189117 1.913553 88.552997 0.529443 -0.694107 0.475235 -0.109805
0.104288 13.908253 1.529765 87.973729 0.528960 -0.694428 0.475768 -0.107778
0.104356 14.421288 0.872303 87.421879 0.529319 -0.694091 0.476220 -0.106177
0.103560 14.744821 0.132320 86.832175 0.530472 -0.692674 0.477048 -0.105956
0.103619 15.144646 0.027413 85.921606 0.529070 -0.690667 0.482194 -0.102723
0.101245 15.705671 -0.565950 85.344396 0.528810 -0.690874 0.482245 -0.102435
0.103234 15.790246 -1.073052 84.486670 0.527990 -0.688203 0.486316 -0.105356
0.103771 16.275590 -1.562860 83.762426 0.527313 -0.687852 0.487744 -0.104431
0.108306 16.700500 -2.436271 83.524508 0.528860 -0.688557 0.485043 -0.104546
0.107357 17.002657 -2.387516 82.572497 0.525944 -0.686235 0.492109 -0.101457
0.107406 17.438146 -2.887980 81.824243 0.523491 -0.686604 0.493821 -0.103307
0.106638 17.938011 -3.529130 81.241952 0.523224 -0.686712 0.494105 -0.102582
0.109573 18.129567 -3.801626 80.299056 0.521097 -0.683199 0.500959 -0.103625
0.107266 18.473778 -4.261847 79.480695 0.519597 -0.681762 0.504347 -0.104178
0.104953 18.809036 -5.097070 79.044800 0.520067 -0.682946 0.501729 -0.106692
0.107203 19.617207 -5.331811 78.504656 0.518545 -0.684684 0.501771 -0.102686
0.106572 20.104714 -5.940380 77.878573 0.518471 -0.684571 0.501789 -0.103723
0.113401 20.616894 -6.623451 77.357913 0.518735 -0.684692 0.501417 -0.103398
0.109827 21.013270 -7.280774 76.716967 0.518661 -0.683883 0.502772 -0.102540
0.113199 21.670550 -7.721892 76.105904 0.518155 -0.683789 0.504088 -0.099212
0.109547 22.311676 -7.900929 75.359644 0.512742 -0.680280 0.513487 -0.103181
0.108754 22.879606 -7.836235 74.539114 0.500713 -0.673581 0.532715 -0.108580
0.109460 23.400987 -8.489557 73.990178 0.499138 -0.671609 0.535177 -0.115707
0.108324 23.859903 -8.856108 73.180834 0.496465 -0.671103 0.538473 -0.114846
0.106282 24.187843 -9.337024 72.367707 0.495841 -0.671464 0.539303 -0.111494
0.111262 24.470089 -9.765940 71.509588 0.497286 -0.670972 0.539997 -0.104438
0.116544 24.927638 -10.362633 70.850342 0.501729 -0.673992 0.535215 -0.086878
0.119092 24.347652 -10.705502 71.589298 0.515296 -0.686183 0.508163 -0.073445
0.115917 24.984693 -11.098622 70.926248 0.510097 -0.693886 0.503837 -0.066871
0.104516 25.520600 -11.662482 70.297865 0.508147 -0.691798 0.508582 -0.067425
0.104816 26.179586 -12.229802 69.804017 0.509261 -0.689463 0.510655 -0.067280
0.103664 26.655052 -12.881094 69.212619 0.510122 -0.687159 0.513105 -0.065672
0.107105 27.002818 -13.619673 68.635073 0.509581 -0.684064 0.517556 -0.067229
0.110041 27.149597 -13.768085 67.657101 0.503649 -0.671589 0.538576 -0.072403
0.112367 27.441227 -14.471619 67.009033 0.502835 -0.666465 0.544803 -0.078561
0.114452 27.801940 -15.300416 66.581269 0.503744 -0.667607 0.543165 -0.074264
0.106945 28.272657 -16.098625 66.205386 0.504976 -0.669720 0.539916 -0.070462
0.098402 28.698495 -16.882374 65.753281 0.504926 -0.669699 0.539979 -0.070544
0.109951 29.135845 -17.651204 65.286778 0.504328 -0.669379 0.540963 -0.070313
0.109193 29.525735 -18.501396 64.932998 0.504799 -0.669777 0.540192 -0.069064
0.107643 30.265740 -18.423205 64.264958 0.501814 -0.670132 0.543004 -0.065210
0.104748 30.685330 -19.182558 63.767637 0.501758 -0.670554 0.542574 -0.064887
0.102792 30.571905 -20.167114 63.900992 0.502606 -0.670958 0.541068 -0.066692
0.096247 31.219177 -19.810376 63.227363 0.499315 -0.670393 0.545624 -0.059604
0.106385 31.750609 -19.167858 62.675320 0.489611 -0.671144 0.554579 -0.047833
0.105065 32.388453 -19.160790 61.905187 0.487674 -0.669747 0.558566 -0.040228
0.109746 33.067146 -19.081482 61.175059 0.485096 -0.668639 0.562656 -0.031951
0.117263 33.788000 -19.259451 60.505212 0.479269 -0.669299 0.567200 -0.024976
0.113600 34.520572 -19.359178 59.831866 0.473439 -0.669854 0.571740 -0.016254
0.116657 35.183272 -19.240753 59.092404 0.466699 -0.667113 0.580648 0.000493
0.103483 35.597839 -20.002789 58.594976 0.468281 -0.665650 0.581053 -0.000121
0.106176 35.988328 -20.771895 58.089017 0.468520 -0.665884 0.580577 -0.004151
0.109720 36.397081 -21.507498 57.548822 0.468290 -0.666478 0.580058 -0.006711
0.102622 36.836723 -22.215766 56.996490 0.469730 -0.666378 0.578983 -0.008554
0.103446 37.259715 -22.956657 56.474802 0.471582 -0.666297 0.577473 -0.013551
0.103870 37.887257 -23.280077 55.766572 0.469789 -0.666408 0.578825 -0.012630
0.102694 38.378989 -23.886533 55.141744 0.470193 -0.667448 0.577145 -0.018345
0.100495 39.097350 -24.038013 54.462766 0.467820 -0.667697 0.578841 -0.016367
0.096734 39.730870 -24.347008 53.753418 0.467041 -0.668212 0.578811 -0.018540
0.097967 40.376499 -24.661510 53.057536 0.466704 -0.669280 0.577650 -0.023903
0.106476 41.151229 -24.675929 52.425408 0.463073 -0.671666 0.577914 -0.021077
0.102029 41.890539 -24.749687 51.756095 0.462502 -0.672435 0.577377 -0.023632
0.099953 42.659362 -24.769046 51.116926 0.459599 -0.674744 0.576918 -0.025587
0.098362 43.451357 -24.651838 50.517755 0.457721 -0.678629 0.573914 -0.024017
0.104915 44.231949 -24.489560 49.914148 0.455311 -0.683734 0.569809 -0.022756
0.106821 44.853625 -24.515074 49.131289 0.453064 -0.687058 0.567325 -0.028756
0.108494 45.651098 -24.439065 48.532741 0.449265 -0.694038 0.561787 -0.029458
0.101959 46.407922 -24.445909 47.879158 0.456517 -0.693734 0.555886 -0.036267
0.100021 47.213068 -24.156049 47.361740 0.456979 -0.696378 0.552269 -0.035047
0.106809 47.995661 -23.978465 46.765072 0.458811 -0.698415 0.547341 -0.046116
0.098382 48.798079 -23.776582 46.203496 0.456482 -0.702157 0.543043 -0.060869
0.103248 49.594362 -23.634394 45.615520 0.456576 -0.703941 0.538313 -0.078896
0.101796 50.397903 -23.387574 45.073854 0.458334 -0.706114 0.531376 -0.094721
0.097845 51.183389 -23.102232 44.524680 0.463750 -0.707534 0.521984 -0.108922
0.099633 51.960516 -22.842800 43.951296 0.470731 -0.707518 0.512578 -0.122860
0.100321 52.763113 -22.472116 43.483931 0.470842 -0.710692 0.504216 -0.137806
0.101133 53.554873 -22.017516 43.075942 0.468961 -0.715158 0.495560 -0.151805
0.118510 54.313247 -21.536785 42.635751 0.466620 -0.719537 0.487957 -0.162572
0.111766 55.142892 -21.123534 42.260370 0.466751 -0.724076 0.476412 -0.175755
0.106927 55.811253 -20.444335 41.957083 0.467498 -0.725335 0.469539 -0.186730
0.104725 56.183314 -21.013434 41.223805 0.470392 -0.724534 0.448037 -0.230315
0.113961 56.703456 -21.398644 40.461529 0.472993 -0.721017 0.430328 -0.266888
0.116417 57.263365 -21.700736 39.690009 0.472494 -0.717970 0.413273 -0.300790
0.125826 57.934210 -22.013914 39.017783 0.475728 -0.712728 0.397552 -0.328106
0.109230 58.604886 -22.242990 38.312293 0.478183 -0.707834 0.383288 -0.351285
0.111653 59.211210 -22.760885 37.708839 0.482302 -0.703031 0.368439 -0.370655
0.113141 59.984534 -22.802178 37.076175 0.482123 -0.701369 0.357148 -0.384816
0.113793 60.759169 -22.279154 36.720664 0.483975 -0.699510 0.351996 -0.390580
0.104459 61.548799 -22.320583 36.108482 0.485164 -0.698092 0.344455 -0.398288
0.111371 62.338304 -22.289434 35.495529 0.484772 -0.697716 0.338916 -0.404134
0.106417 63.144481 -22.320052 34.904647 0.485591 -0.696730 0.336271 -0.407050
0.107637 63.962145 -22.304427 34.329164 0.487201 -0.695569 0.334220 -0.408797
0.110999 64.751425 -22.397099 33.722163 0.489457 -0.693853 0.332966 -0.410042
0.112121 65.553919 -22.332788 33.128979 0.490778 -0.693276 0.332127 -0.410119
0.124978 66.440578 -22.226938 32.678834 0.490677 -0.694440 0.330181 -0.409841
0.109233 67.296594 -22.195865 32.162818 0.489835 -0.695226 0.329438 -0.410113
0.115099 68.124348 -21.752200 31.819329 0.489276 -0.696190 0.329566 -0.409042
0.114567 69.009594 -21.656891 31.364077 0.488700 -0.697782 0.329073 -0.407410
0.106724 69.861303 -21.591238 30.844189 0.488878 -0.698350 0.328934 -0.406335
0.106648 70.632844 -21.612763 30.208375 0.488645 -0.697752 0.329396 -0.407266
0.110266 71.408931 -21.765631 29.596557 0.488019 -0.697633 0.328358 -0.409056
0.113089 71.730135 -22.256310 28.786581 0.487324 -0.692754 0.326027 -0.419897
0.118617 72.625851 -22.005680 28.419323 0.487304 -0.694465 0.324740 -0.418087
0.111390 73.403175 -22.044924 27.791448 0.488482 -0.693329 0.325212 -0.418231
0.115362 74.181978 -22.095977 27.166260 0.488996 -0.692373 0.325678 -0.418851
0.115432 74.978241 -22.126821 26.562097 0.489425 -0.692015 0.326017 -0.418677
0.112110 75.768731 -22.148757 25.950014 0.489517 -0.691336 0.327104 -0.418845
0.110996 76.552354 -22.176865 25.329414 0.489241 -0.690743 0.327883 -0.419535
0.117108 77.454538 -22.092123 24.906469 0.489439 -0.692320 0.327496 -0.416999
0.113630 78.188500 -22.286755 24.255763 0.490082 -0.690433 0.326052 -0.420490
0.109440 78.985636 -22.328941 23.653438 0.489830 -0.690709 0.325111 -0.421059
0.111450 78.989507 -22.652030 22.707078 0.484182 -0.677651 0.328876 -0.445193
0.111649 79.784842 -22.696636 22.102551 0.484512 -0.676412 0.329260 -0.446433
0.113290 80.626429 -22.655909 21.563967 0.485351 -0.676110 0.330287 -0.445219
0.113748 80.830298 -23.163720 20.726970 -0.484260 0.659616 -0.327352 0.472482
0.111400 81.685973 -23.146742 20.209734 -0.484261 0.658225 -0.330243 0.472410
0.112400 82.511358 -23.166932 19.645525 -0.484856 0.656661 -0.330404 0.473861
0.109161 83.038054 -23.462025 18.848335 -0.484123 0.647889 -0.328835 0.487578
0.111776 83.854048 -23.473396 18.270386 -0.484778 0.643433 -0.331287 0.491156
0.110528 84.743781 -23.457038 17.814198 -0.485269 0.643379 -0.331403 0.490663
0.115312 85.647826 -23.252119 17.439085 -0.484399 0.645685 -0.330709 0.488958
0.119018 86.554248 -23.066655 17.059607 -0.483191 0.647878 -0.329287 0.488212
0.115786 87.392941 -23.014888 16.517470 -0.483684 0.647910 -0.329183 0.487750
0.118691 88.252159 -22.991268 16.006404 -0.485010 0.645668 -0.332239 0.487335
0.117509 89.132981 -22.971348 15.533377 -0.486382 0.643862 -0.333097 0.487771
0.122914 90.029578 -22.947264 15.091185 -0.486036 0.644287 -0.330239 0.489495
0.124742 90.872316 -22.846534 14.562369 -0.486308 0.644123 -0.331344 0.488693
0.111794 91.756660 -22.920708 14.101464 -0.484006 0.647415 -0.328853 0.488312
0.115869 92.490973 -22.906285 13.422806 -0.483219 0.643765 -0.332776 0.491250
0.126312 93.084816 -22.761948 12.631278 -0.481359 0.634954 -0.343178 0.497349
0.115640 93.280044 -22.726578 11.651158 -0.480483 0.627869 -0.351774 0.501171
0.114138 94.190931 -22.734155 11.238572 -0.479623 0.628435 -0.351165 0.501711
0.111767 93.412220 -22.676444 11.863294 -0.478752 0.628960 -0.351251 0.501825
0.113284 94.366889 -22.448751 11.671559 -0.478257 0.630229 -0.351874 0.500266
0.120086 95.037539 -22.708297 10.976674 -0.477467 0.625579 -0.355012 0.504622
0.113894 94.212604 -22.457426 11.483178 -0.478942 0.623219 -0.358778 0.503478
0.114987 93.298201 -22.861506 11.507395 -0.479564 0.621077 -0.362267 0.503035
0.113596 93.114676 -22.213275 12.246392 -0.475715 0.629388 -0.369469 0.490977
0.116277 92.275664 -22.028897 12.758312 0.470775 -0.631024 0.374131 -0.490107
0.109100 91.427505 -21.863800 13.261670 0.470322 -0.630471 0.378734 -0.487714
0.111169 92.156058 -21.940662 12.581007 0.473147 -0.627788 0.379810 -0.487606
0.112225 92.940501 -22.032264 11.967608 0.475025 -0.627688 0.377589 -0.487633
0.116703 93.868384 -21.883991 11.625484 0.477485 -0.633368 0.372145 -0.482038
0.123749 92.985158 -21.875592 12.094356 0.480775 -0.641960 0.361457 -0.475492
0.118497 93.878104 -21.863353 11.644360 0.483055 -0.646791 0.355572 -0.471049
0.114398 93.001106 -21.815265 12.122440 0.486659 -0.645900 0.356951 -0.467507
0.115723 92.876814 -21.218360 12.915066 0.489520 -0.657661 0.361908 -0.443706
0.120996 93.581956 -21.505713 12.266836 0.489973 -0.656189 0.359814 -0.447075
0.108012 92.725969 -21.392694 12.771329 0.490744 -0.659685 0.357441 -0.442969
0.114756 93.649715 -21.331986 12.393167 0.492716 -0.660302 0.356768 -0.440397
0.122060 94.559334 -21.267343 11.982783 0.492437 -0.655345 0.361917 -0.443898
0.127885 95.412212 -21.284578 11.460956 0.486949 -0.648694 0.375226 -0.448645
0.114571 96.311979 -21.293732 11.024683 0.479817 -0.647665 0.378696 -0.454856
0.125288 96.447076 -21.990719 10.320439 0.482311 -0.645532 0.371489 -0.461150
0.125404 97.353917 -21.980505 9.899090 0.487122 -0.646634 0.368586 -0.456860
0.127793 98.261915 -21.723875 9.567908 0.486349 -0.646662 0.371055 -0.455643
0.106377 99.156189 -21.733395 9.120491 0.484378 -0.648260 0.371541 -0.455075
0.113045 98.280931 -21.748646 9.603907 0.484200 -0.648919 0.370937 -0.454819
0.111631 99.103185 -21.930231 9.064530 0.486031 -0.647846 0.372229 -0.453337
0.109935 99.963590 -21.985543 8.557931 0.485684 -0.647101 0.373765 -0.453510
0.112221 100.848088 -21.927903 8.094962 0.482310 -0.649387 0.373596 -0.453982
0.112595 99.973697 -21.895035 8.579069 0.482433 -0.650228 0.374279 -0.452081
0.108804 100.850213 -21.892553 8.097703 0.484074 -0.649374 0.375229 -0.450766
0.108811 101.728253 -21.961472 7.624103 0.485096 -0.648736 0.377364 -0.448798
0.105980 102.580662 -22.010504 7.103532 0.484410 -0.649991 0.377487 -0.447620
0.112791 103.385086 -22.145764 6.525080 0.485099 -0.649669 0.377001 -0.447750
0.112415 104.264660 -22.119810 6.050026 0.485023 -0.650193 0.377437 -0.446704
0.112618 105.169100 -22.114495 5.623459 0.484895 -0.649973 0.379036 -0.445807
0.109811 106.047477 -22.124106 5.145587 0.484941 -0.650289 0.380110 -0.444379
0.117785 106.909696 -22.172778 4.641395 0.485601 -0.650042 0.381788 -0.442578
0.106780 107.789421 -22.222202 4.168488 0.485093 -0.650056 0.381633 -0.443247
0.105456 108.697153 -22.193489 3.749921 0.485988 -0.649221 0.381607 -0.443513
0.104418 109.572099 -22.224201 3.266675 0.486747 -0.648467 0.381483 -0.443890
0.109711 110.442084 -22.239977 2.773851 0.486241 -0.648854 0.381386 -0.443962
0.106893 111.313742 -22.320452 2.290387 0.486106 -0.648769 0.381846 -0.443839
0.103597 112.210436 -22.307860 1.847914 0.484920 -0.649797 0.381649 -0.443801
0.106254 112.577474 -21.497929 2.305402 0.475701 -0.682899 0.400284 -0.383576
0.104605 113.438652 -21.605808 1.808679 0.474912 -0.683750 0.400595 -0.382712
0.099891 114.263888 -21.797393 1.277377 0.476139 -0.682762 0.401915 -0.381566
0.102363 115.056821 -22.083681 0.739515 0.478972 -0.680882 0.402845 -0.380396
0.102574 115.851448 -22.350240 0.194067 0.482011 -0.678773 0.404332 -0.378745
0.104102 116.693706 -22.499416 -0.323958 0.483391 -0.678242 0.405617 -0.376557
0.108786 117.510520 -22.763854 -0.836683 0.487291 -0.675770 0.408112 -0.373266
0.106574 118.287606 -23.066247 -1.388676 0.489689 -0.673983 0.410145 -0.371124
0.106527 119.062108 -23.397797 -1.927397 0.493274 -0.670154 0.413757 -0.369297
0.104916 119.862843 -23.631160 -2.479090 0.494787 -0.668226 0.416827 -0.367306
0.104652 120.687081 -23.864296 -2.995113 0.497492 -0.666130 0.420556 -0.363187
0.102778 121.520463 -24.057567 -3.512917 0.499191 -0.665528 0.423963 -0.357960
0.106037 122.340230 -24.326295 -4.018650 0.502814 -0.663204 0.428453 -0.351805
0.106595 123.185685 -24.476700 -4.531080 0.502258 -0.664523 0.432327 -0.345310
0.103072 123.910006 -24.844631 -5.114163 0.501940 -0.663894 0.433623 -0.345359
0.108709 124.709243 -25.086755 -5.664251 0.501227 -0.664193 0.435924 -0.342913
0.102100 125.479561 -25.408327 -6.214889 0.503731 -0.661785 0.439783 -0.338950
0.106091 126.251299 -25.710510 -6.774447 0.505440 -0.659746 0.443226 -0.335882
0.131817 126.888001 -26.173997 -7.390719 0.508604 -0.652940 0.441613 -0.346366
0.111943 127.686854 -26.446008 -7.927229 0.508773 -0.652570 0.441636 -0.346786
0.110620 128.476987 -26.731862 -8.469426 0.508773 -0.652570 0.441636 -0.346786
0.112245 129.273326 -26.977884 -9.021982 0.508575 -0.652370 0.441064 -0.348177
0.110152 130.072176 -27.225913 -9.569997 0.508626 -0.652088 0.440753 -0.349024
0.113348 130.863459 -27.471700 -10.129872 0.508957 -0.651443 0.440488 -0.350079
0.104531 131.599806 -27.837479 -10.699080 0.511099 -0.648137 0.439047 -0.354873
0.110537 132.385586 -28.119671 -11.249460 0.512738 -0.646222 0.438637 -0.356503
0.110340 133.194074 -28.361753 -11.785878 0.513443 -0.645698 0.439026 -0.355959
0.113112 133.961740 -28.673649 -12.345707 0.514813 -0.643441 0.438472 -0.358737
0.183138 134.791905 -28.872290 -12.866636 0.515885 -0.641981 0.438565 -0.359700
0.113719 135.593000 -29.104882 -13.418133 0.516599 -0.641240 0.438115 -0.360544
0.109404 136.410670 -29.325444 -13.949893 0.517855 -0.639469 0.437704 -0.362383
0.112961 136.682374 -30.086749 -14.538613 0.519864 -0.635249 0.434747 -0.370398
0.105937 137.584859 -29.858148 -14.903663 0.520193 -0.635470 0.434534 -0.369807
0.106173 138.439688 -30.017268 -15.397574 0.520488 -0.634844 0.433722 -0.371418
0.106226 139.290910 -30.186861 -15.894223 0.520008 -0.635099 0.431352 -0.374402
0.102466 140.116898 -30.369881 -16.427371 0.520725 -0.633711 0.429414 -0.377967
0.104766 140.970319 -30.513522 -16.928410 0.522129 -0.632684 0.427219 -0.380232
0.102052 141.814719 -30.702454 -17.429702 0.522770 -0.632151 0.424203 -0.383600
0.103714 142.656300 -30.880508 -17.939642 0.523877 -0.630903 0.421821 -0.386757
0.115783 143.518716 -31.008388 -18.429423 0.524098 -0.631587 0.417884 -0.389605
