0.023578 0.000000 0.000000 0.000000 -0.000000 0.000000 -0.000000 1.000000
0.304220 0.116553 0.128060 0.984894 -0.000075 -0.000569 0.001474 0.999999
0.133855 0.178277 0.317115 1.964919 -0.000117 0.000259 0.002351 0.999997
0.141624 0.189584 0.485653 2.950549 -0.002459 0.002219 0.000756 0.999994
0.129563 0.270369 0.687447 3.926640 -0.003660 0.002615 0.002813 0.999986
0.129677 0.346563 0.872289 4.906450 -0.005233 0.003066 0.002353 0.999979
0.134448 0.369391 1.032476 5.893272 -0.006767 0.003046 0.001446 0.999971
0.149821 0.427400 1.186534 6.879630 -0.008449 0.002003 0.000355 0.999962
0.148355 0.437642 1.402431 7.855992 -0.007784 0.001884 0.002464 0.999965
0.197999 0.523637 1.513219 8.846109 -0.009220 -0.000983 0.005246 0.999943
0.246351 0.590402 1.570701 9.842220 -0.012990 -0.004700 0.002523 0.999901
0.221972 0.646295 1.625870 10.839132 -0.015499 -0.008485 0.003551 0.999838
0.175734 0.692969 1.678121 11.836675 -0.019599 -0.012381 0.001542 0.999730
0.179074 0.698875 1.817577 12.826885 -0.018705 -0.015498 0.003770 0.999698
0.159806 0.754609 1.961029 13.814972 -0.018176 -0.019409 0.005172 0.999633
0.172324 0.374713 2.047328 14.735967 -0.019962 -0.016264 0.003672 0.999662
0.150821 0.162312 2.112963 15.710942 -0.022531 -0.016175 0.004810 0.999604
0.125527 -0.093429 2.388593 16.637563 -0.022403 -0.015822 0.004788 0.999612
0.129466 -0.107706 2.574483 17.620029 -0.022485 -0.020274 0.007602 0.999513
0.121123 -0.271939 2.820425 18.575299 -0.020365 -0.021518 0.011131 0.999499
0.127631 -0.504597 2.844159 19.547568 -0.015872 -0.022330 0.018162 0.999460
0.120717 -0.687533 2.873906 20.530243 -0.012765 -0.023823 0.025115 0.999319
0.123230 -0.945874 3.176431 21.447706 -0.011579 -0.027299 0.028100 0.999165
0.123231 -1.004305 2.712019 20.564016 -0.010749 -0.031855 0.029745 0.998992
0.120451 -1.382053 2.368145 19.704332 -0.011492 -0.037145 0.034720 0.998640
0.124133 -0.492266 1.912156 19.723115 -0.020132 -0.055292 0.038186 0.997537
0.123025 -0.644853 1.549540 18.803752 -0.022139 -0.062922 0.043878 0.996808
0.560113 -1.517303 1.146882 18.526809 -0.029851 -0.057532 0.047075 0.996786
0.135588 -1.431065 0.830855 17.581986 -0.031933 -0.067563 0.050986 0.995900
0.130847 -1.586857 1.072339 18.539803 -0.034650 -0.078245 0.053488 0.994895
0.139209 -1.401533 0.797338 17.596389 -0.037770 -0.090108 0.059956 0.993408
0.135868 -1.348175 0.981054 18.577920 -0.040731 -0.101718 0.068680 0.991603
0.134128 -1.541686 1.098681 19.551941 -0.041390 -0.112745 0.073870 0.990009
0.168591 -1.617594 1.443261 20.487624 -0.040620 -0.129530 0.081098 0.987418
0.186978 -2.557328 1.109796 20.563126 -0.040324 -0.133123 0.078296 0.987179
0.261464 -3.470413 0.736503 20.727226 -0.040027 -0.134184 0.073808 0.987393
0.199965 -4.411364 0.399363 20.758001 -0.041744 -0.134401 0.076546 0.987084
0.156959 -5.217632 0.517204 21.337696 -0.042764 -0.137294 0.082986 0.986121
0.196255 -5.973585 0.607526 21.986060 -0.045812 -0.141282 0.091126 0.984701
0.135238 -6.830057 0.691674 21.476772 -0.045524 -0.140157 0.095703 0.984441
0.135737 -7.827012 0.622022 21.511833 -0.046872 -0.143481 0.099266 0.983546
0.123266 -8.179629 0.527315 22.442796 -0.048722 -0.154734 0.101606 0.981509
0.123814 -9.172083 0.417389 22.388474 -0.047820 -0.159609 0.101206 0.980814
0.117069 -9.679137 0.723262 23.194289 -0.048037 -0.170633 0.105960 0.978442
0.115154 -10.485824 0.610280 22.614210 -0.045217 -0.155919 0.105899 0.981035
0.115489 -11.406308 0.357757 22.912439 -0.047833 -0.161661 0.113113 0.979175
0.113776 -11.013640 0.793379 23.722405 -0.045911 -0.186906 0.124787 0.973338
0.113023 -11.869706 0.556104 24.181591 -0.053208 -0.194658 0.135394 0.970023
0.114570 -11.718245 0.814000 25.135818 -0.059638 -0.211076 0.147124 0.964492
0.114351 -12.452425 0.710984 25.806913 -0.064439 -0.220280 0.154506 0.960964
0.113398 -13.198193 0.347826 25.248392 -0.066616 -0.207319 0.152167 0.964068
0.112665 -13.857307 0.274053 25.996808 -0.066832 -0.217130 0.147066 0.962683
0.114690 -14.474218 0.390028 26.775249 -0.068694 -0.227787 0.145412 0.960338
0.113062 -15.174225 0.344447 27.487929 -0.068646 -0.237188 0.148529 0.957585
0.111480 -15.857992 -0.083587 26.896955 -0.073898 -0.206463 0.152081 0.963734
0.111432 -16.434808 -0.887596 26.752550 -0.081254 -0.203726 0.158462 0.962696
0.113619 -16.923333 -1.016941 27.615459 -0.080451 -0.215257 0.155940 0.960664
0.110656 -17.370542 -0.921323 28.504763 -0.079079 -0.227576 0.152392 0.958505
0.108696 -17.816402 -0.793658 29.390715 -0.076364 -0.238505 0.152091 0.956113
0.111757 -18.411604 -0.676683 30.185731 -0.074562 -0.249248 0.156009 0.952878
0.112348 -19.032625 -0.543119 30.958061 -0.073116 -0.259177 0.159768 0.949713
0.107147 -19.224839 0.032111 31.753148 -0.067105 -0.274866 0.165818 0.944696
0.109153 -19.840731 0.204159 32.521964 -0.067150 -0.285602 0.170968 0.940581
0.106556 -20.464240 0.292622 33.298759 -0.067436 -0.296075 0.174162 0.936728
0.112360 -21.143785 0.361870 34.029118 -0.066202 -0.306730 0.178469 0.932568
0.110373 -21.799764 0.633325 34.733393 -0.064758 -0.316379 0.185627 0.928038
0.110096 -22.377244 0.804151 35.531726 -0.064424 -0.327186 0.186095 0.924212
0.109601 -23.067768 0.879175 36.251133 -0.065920 -0.336582 0.185009 0.920944
0.111385 -23.714019 1.022223 37.000732 -0.064119 -0.343567 0.181819 0.919126
0.108016 -24.302137 1.288674 37.764355 -0.061570 -0.347821 0.182204 0.917623
0.110404 -24.896156 1.439576 38.554526 -0.060106 -0.350277 0.182841 0.916658
0.108621 -25.588588 1.516407 39.271906 -0.060467 -0.351939 0.182221 0.916121
0.110231 -26.233732 1.651123 40.023998 -0.061087 -0.354004 0.179016 0.915916
0.109719 -26.902920 1.832817 40.744535 -0.061076 -0.354284 0.175316 0.916524
0.112220 -27.607795 1.907694 41.449904 -0.062254 -0.354171 0.173093 0.916911
0.115918 -28.278183 2.152110 42.150504 -0.064138 -0.353320 0.173362 0.917059
0.114311 -28.878348 2.330275 42.930286 -0.064307 -0.352342 0.168825 0.918269
0.124223 -29.459395 2.553945 43.712818 -0.065023 -0.351089 0.167562 0.918929
0.113728 -30.103160 2.749670 44.452587 -0.065094 -0.349727 0.164795 0.919944
0.116888 -30.541053 3.162302 45.251326 -0.065396 -0.349469 0.164454 0.920082
0.112711 -31.270214 3.218168 45.933384 -0.064210 -0.349369 0.162016 0.920635
0.117384 -31.908957 3.388034 46.683819 -0.065445 -0.349575 0.161656 0.920533
0.121843 -32.557708 3.488080 47.438215 -0.066123 -0.349606 0.158382 0.921042
0.118701 -33.195508 3.662335 48.188446 -0.067193 -0.348958 0.158780 0.921142
0.124624 -33.851457 3.826260 48.925235 -0.068885 -0.347800 0.158531 0.921498
0.124973 -34.522572 4.022820 49.640056 -0.069648 -0.347324 0.156701 0.921933
0.120252 -35.191523 4.196670 50.362746 -0.070809 -0.347107 0.156205 0.922010
0.123929 -35.852195 4.368403 51.093513 -0.073387 -0.346049 0.158530 0.921809
0.120627 -36.493278 4.557905 51.837221 -0.073339 -0.345449 0.158717 0.922006
0.123970 -37.178788 4.656266 52.558610 -0.071717 -0.344539 0.157970 0.922602
0.120148 -37.846777 4.847303 53.277843 -0.071129 -0.344849 0.155871 0.922889
0.118143 -38.325840 5.276518 54.043528 -0.071688 -0.346571 0.152753 0.922722
0.121490 -38.911730 5.613060 54.780733 -0.074532 -0.347363 0.150424 0.922581
0.140670 -39.645074 5.719414 55.452220 -0.073165 -0.346526 0.151094 0.922896
0.128671 -40.370431 5.825167 56.132422 -0.069414 -0.344892 0.152722 0.923530
0.131839 -41.074323 5.929907 56.834964 -0.065080 -0.343208 0.153208 0.924392
0.133817 -41.786845 6.045809 57.526975 -0.066409 -0.341878 0.155884 0.924343
0.149863 -42.429565 6.278857 58.256769 -0.069377 -0.341027 0.158783 0.923945
0.157769 -43.069081 6.498525 58.993495 -0.071659 -0.340198 0.158328 0.924155
0.145170 -43.579665 6.952597 59.723647 -0.073154 -0.338903 0.163189 0.923668
0.122882 -44.321253 6.292917 59.845583 -0.077818 -0.332248 0.161038 0.926079
0.121517 -45.014365 6.416597 60.555724 -0.077451 -0.332017 0.157957 0.926723
0.130636 -45.651478 6.685294 61.278143 -0.077055 -0.331946 0.158086 0.926760
0.126380 -46.282487 6.805719 62.044514 -0.075440 -0.331459 0.156709 0.927300
0.125503 -47.001254 6.781905 62.739358 -0.075449 -0.330210 0.156058 0.927855
0.126863 -47.690141 6.926050 63.449750 -0.075371 -0.329772 0.155074 0.928182
0.116313 -48.524216 6.749280 63.972311 -0.075756 -0.327941 0.154097 0.928962
0.113525 -49.205903 6.934654 64.680082 -0.076271 -0.327135 0.152423 0.929480
0.112916 -49.920292 6.889673 65.378384 -0.078431 -0.325902 0.150155 0.930102
0.111346 -50.711968 6.935175 65.987628 -0.077804 -0.324038 0.149048 0.930984
0.112478 -51.330723 7.150278 66.743190 -0.077674 -0.323144 0.149138 0.931291
0.114621 -51.354356 7.365542 67.719459 -0.078535 -0.327643 0.148183 0.929798
0.118912 -51.246874 8.177552 68.293121 -0.064805 -0.336302 0.152534 0.927057
0.115092 -52.095264 7.968693 68.779549 -0.064345 -0.332662 0.153696 0.928210
0.117386 -51.778277 8.228030 69.691834 -0.063260 -0.342338 0.150274 0.925322
0.115092 -51.862432 8.277357 70.687065 -0.064519 -0.346499 0.147660 0.924106
0.125300 -52.563882 8.475766 71.371609 -0.064286 -0.345783 0.147025 0.924492
0.118123 -53.415149 8.188676 70.932378 -0.069185 -0.321157 0.146550 0.933057
0.121181 -53.898031 8.528926 71.739258 -0.069607 -0.321433 0.144106 0.933311
0.118615 -54.312526 8.750802 72.621848 -0.068565 -0.322906 0.142397 0.933142
0.122782 -54.895652 8.670979 73.430298 -0.071603 -0.320924 0.140252 0.933922
0.118507 -55.505730 8.650230 74.222367 -0.072798 -0.318921 0.135236 0.935254
0.119424 -55.401422 9.392351 74.884467 -0.066337 -0.322575 0.137876 0.934096
0.116713 -56.298694 9.079219 74.573256 -0.068494 -0.304454 0.133998 0.940564
0.116675 -57.181487 8.749565 74.238585 -0.072745 -0.275070 0.127802 0.950111
0.118319 -57.321233 8.915109 75.214836 -0.071819 -0.274841 0.122082 0.951000
0.120991 -57.588450 9.154506 76.148262 -0.072359 -0.274403 0.118315 0.951561
0.126502 -58.159750 9.364604 76.941657 -0.072270 -0.271806 0.115945 0.952605
0.129241 -58.891556 9.104925 77.571758 -0.073855 -0.266863 0.114844 0.954013
0.124275 -59.251263 9.347385 78.472771 -0.073568 -0.264034 0.116240 0.954653
0.124350 -59.725440 9.576491 79.322868 -0.071772 -0.261579 0.116722 0.955406
0.130259 -60.227799 9.545477 80.186972 -0.071717 -0.260797 0.111809 0.956211
0.126209 -60.390437 10.198834 80.926345 -0.069072 -0.262678 0.110876 0.956000
0.126486 -60.212582 9.983907 79.966046 -0.068267 -0.262505 0.107573 0.956482
0.125778 -60.758414 10.112472 80.794019 -0.071832 -0.262679 0.108534 0.956065
0.135273 -61.419528 9.976975 81.531968 -0.076713 -0.261542 0.109559 0.955881
0.141376 -61.966655 10.112274 82.358010 -0.073397 -0.261127 0.110254 0.956174
0.161162 -62.516957 10.300005 83.171598 -0.069952 -0.261258 0.111687 0.956231
0.136671 -62.790649 10.571099 84.094420 -0.069263 -0.263048 0.109494 0.956044
0.157940 -62.027216 10.790393 83.486900 -0.070215 -0.262077 0.105667 0.956671
0.153022 -62.505287 10.460563 84.300940 -0.074525 -0.261471 0.106334 0.956437
0.136622 -63.045645 10.633526 85.124406 -0.073647 -0.261403 0.106482 0.956507
0.130534 -62.307071 10.896997 84.503849 -0.075494 -0.261205 0.103993 0.956691
0.120357 -61.761864 10.252368 83.967935 -0.073009 -0.261166 0.105380 0.956743
0.120809 -62.397993 10.293022 84.738446 -0.075742 -0.260961 0.103704 0.956769
0.112921 -62.997130 10.308411 85.538945 -0.077223 -0.260574 0.103647 0.956763
0.119090 -63.837023 9.773176 85.448920 -0.080241 -0.254025 0.102111 0.958439
0.116095 -64.128223 9.908337 86.395986 -0.079403 -0.254381 0.102354 0.958389
0.119490 -64.597219 9.907800 87.279186 -0.078926 -0.254606 0.103012 0.958298
0.123001 -64.475060 9.836025 88.269098 -0.079728 -0.256011 0.103098 0.957848
0.119839 -64.951962 9.786705 89.146670 -0.080909 -0.255980 0.103558 0.957707
0.113649 -65.499216 9.817608 89.983066 -0.079602 -0.255465 0.103705 0.957939
0.118343 -66.043814 9.561906 90.781834 -0.079558 -0.253970 0.106567 0.958026
0.124136 -66.189375 9.591291 91.770746 -0.115112 0.035151 -0.986578 0.110354
0.118539 -66.012604 9.720223 92.746517 -0.115345 0.033541 -0.986800 0.108609
0.119572 -65.981647 10.051674 91.803553 -0.115061 0.034914 -0.986674 0.109621
0.119084 -65.702877 10.067233 92.763785 -0.114776 0.041745 -0.986332 0.110607
0.119176 -65.379969 10.048218 93.710024 -0.114016 0.044748 -0.986233 0.111094
0.118900 -64.951972 10.067528 94.613598 -0.112108 0.043771 -0.986482 0.111216
0.119287 -65.219010 10.534524 93.770623 0.454035 0.118098 0.053631 0.881493
0.119025 -65.142820 9.718479 93.197679 0.447567 0.120379 0.050711 0.884659
0.122434 -64.914062 8.904953 93.732324 0.450228 0.121184 0.049493 0.883266
0.124101 -64.738350 8.104836 94.305856 0.448117 0.123131 0.048466 0.884127
0.117670 -64.174551 7.467517 94.831170 0.445619 0.122804 0.048160 0.885451
0.120976 -63.947345 6.745559 95.484740 0.445880 0.124465 0.048542 0.885067
0.121236 -64.069508 5.879933 95.970298 0.445989 0.127681 0.048303 0.884567
0.118562 -64.943697 5.444043 96.184294 -0.822571 -0.246705 0.266884 0.437364
0.122024 -65.491774 6.014411 95.572500 -0.821584 -0.247462 0.265649 0.439538
0.123071 -66.258127 6.492201 95.143059 -0.822067 -0.246523 0.264007 0.440150
0.117235 -65.348800 6.114728 95.318096 -0.823245 -0.246675 0.260616 0.439885
0.121468 -66.182787 6.639650 95.148034 -0.824019 -0.248112 0.257384 0.439530
0.117872 -66.667101 7.204758 94.480132 -0.823070 -0.248752 0.256447 0.441490
0.121417 -67.589802 7.588585 94.444075 -0.825182 -0.249399 0.252856 0.439249
0.117349 -68.271097 8.147424 93.971278 -0.825835 -0.251445 0.250383 0.438269
0.117294 -68.471000 8.804701 93.244624 -0.824710 -0.251555 0.252656 0.439021
0.117875 -69.129415 9.427387 92.821833 -0.827669 -0.247287 0.252905 0.435721
0.118007 -68.838264 10.203693 92.262744 -0.824821 -0.251003 0.259093 0.435360
0.115844 -69.511799 10.720493 91.734285 -0.824140 -0.252721 0.258062 0.436266
0.116739 -68.835010 10.096308 92.124605 -0.825334 -0.251331 0.259051 0.434223
0.120317 -68.517885 10.855064 91.555640 -0.822983 -0.254848 0.266159 0.432332
0.118575 -69.487414 11.058455 91.419097 -0.823916 -0.256534 0.261892 0.432163
0.115186 -70.065473 11.197701 90.615070 -0.822731 -0.252887 0.262425 0.436229
0.119404 -70.756378 11.802776 90.219426 -0.823409 -0.249635 0.263062 0.436437
0.121139 -71.018468 12.283739 89.382776 -0.821684 -0.251271 0.263114 0.438713
0.118514 -71.526604 12.795587 88.690094 -0.821895 -0.253385 0.263019 0.437156
0.120553 -71.844648 13.431204 87.986645 -0.822652 -0.252822 0.265778 0.434382
0.122326 -72.309603 13.540493 87.108082 -0.822048 -0.250084 0.267182 0.436243
0.120549 -73.105366 13.996149 86.709159 -0.823048 -0.251783 0.267064 0.433444
0.126202 -73.838425 14.627388 86.455858 -0.823186 -0.254723 0.268664 0.430465
0.120155 -74.483441 15.209540 85.960828 -0.821465 -0.256233 0.272907 0.430189
0.119676 -75.209308 15.618536 85.407801 -0.820026 -0.255016 0.277852 0.430490
0.124601 -75.962647 16.016260 84.884069 -0.818626 -0.255314 0.284397 0.428702
0.123891 -76.451004 16.641583 84.275400 -0.815863 -0.258416 0.294832 0.425045
0.121767 -76.932639 17.260301 83.654742 -0.812794 -0.261962 0.307514 0.419734
0.123520 -77.586188 17.623282 82.990574 -0.809560 -0.262519 0.322530 0.414331
0.125968 -78.309601 18.151350 82.545807 -0.806292 -0.266659 0.337114 0.406374
0.123655 -79.085817 18.569407 82.073879 -0.801509 -0.271193 0.353986 0.398411
0.122710 -79.835070 18.981650 81.555540 -0.794945 -0.275231 0.375211 0.389265
0.127180 -80.575554 18.400171 81.892536 -0.801229 -0.269322 0.366495 0.388818
0.120327 -81.373918 18.751337 81.403355 -0.795043 -0.271610 0.387745 0.379194
0.123464 -82.210591 19.069243 80.957358 -0.787575 -0.274423 0.410731 0.368400
0.124710 -83.070542 19.352796 80.532997 -0.778439 -0.277062 0.435468 0.357262
0.128814 -83.684644 18.637971 80.867517 -0.781768 -0.270126 0.434151 0.356909
0.142277 -84.345556 17.887877 80.891050 -0.777786 -0.267550 0.441952 0.357973
0.134427 -84.968928 17.106251 80.912679 -0.774950 -0.262457 0.449274 0.358779
0.137719 -84.041139 16.910755 81.230467 -0.765782 -0.270238 0.472466 0.342527
0.140416 -84.977986 17.097982 80.935063 -0.753951 -0.276210 0.497389 0.328435
0.163761 -85.912194 17.241813 80.608616 -0.739191 -0.279139 0.525075 0.316187
0.155318 -86.451238 16.679060 81.235306 -0.741693 -0.275532 0.527171 0.309942
0.198239 -86.954186 16.091448 81.869148 -0.745006 -0.272009 0.529008 0.301873
0.204613 -87.553524 15.541790 82.451102 -0.747722 -0.273415 0.528412 0.294851
0.260836 -88.113880 14.975477 83.055495 -0.758716 -0.268820 0.517437 0.290423
0.189878 -88.799864 14.475785 83.584394 -0.755372 -0.267315 0.527840 0.281674
0.192506 -89.287959 13.894963 84.235861 -0.752309 -0.264683 0.538254 0.272499
0.277490 -89.630553 13.259551 84.927874 -0.769817 -0.254311 0.517370 0.273926
0.160508 -90.125148 12.679254 85.574890 -0.773582 -0.251361 0.515308 0.269902
0.149483 -90.539618 12.075825 86.256130 -0.785357 -0.243320 0.501415 0.269429
0.176308 -91.059825 11.487809 86.875503 -0.789702 -0.236974 0.498674 0.267469
0.188955 -91.641965 10.920165 87.457648 -0.792836 -0.232080 0.497172 0.265271
0.194633 -92.045936 10.306388 88.135943 -0.795863 -0.228691 0.493870 0.265323
0.148178 -92.571445 9.719481 88.751883 -0.797380 -0.225887 0.493291 0.264242
0.198760 -93.374611 9.282598 89.156923 -0.796796 -0.225351 0.494622 0.263974
0.183281 -92.965480 9.902851 88.487671 -0.796796 -0.225351 0.494622 0.263974
0.193762 -93.060880 10.556766 87.737142 -0.791470 -0.227101 0.504410 0.259944
0.260067 -92.972597 11.208969 86.984256 -0.779984 -0.231427 0.522329 0.255417
0.234398 -92.851201 11.863145 86.237720 -0.763641 -0.237850 0.546509 0.248209
0.251760 -92.763979 12.524143 85.492419 -0.754235 -0.243930 0.559297 0.242516
0.204310 -93.057377 11.892102 86.209664 -0.764871 -0.242453 0.544369 0.244644
0.224346 -93.791650 11.477061 86.746865 -0.770598 -0.241766 0.537468 0.242601
0.201320 -94.359834 10.946496 87.375886 -0.780967 -0.236581 0.524935 0.241999
0.240138 -94.146851 11.588756 86.639584 -0.765453 -0.244817 0.547599 0.232983
0.169514 -94.029305 12.232783 85.883666 -0.753257 -0.251335 0.563400 0.228069
0.255600 -94.900244 12.608335 85.566765 -0.750233 -0.249279 0.569086 0.226166
0.225885 -95.203071 13.375460 86.132287 -0.752295 -0.255652 0.569395 0.210910
0.216191 -95.437258 12.735217 86.863892 -0.745935 -0.262190 0.576483 0.206168
0.262519 -95.868643 13.483903 87.367257 0.748552 0.276908 -0.573066 -0.185973
0.264400 -96.383744 14.206391 87.828431 0.750625 0.284894 -0.571296 -0.170347
0.205401 -96.842097 14.947435 88.319110 0.752649 0.292636 -0.568960 -0.155462
0.266513 -97.390292 15.667675 88.744243 0.752807 0.295298 -0.569587 -0.147147
0.265599 -98.340811 15.523837 88.468882 0.751676 0.294943 -0.571439 -0.146455
0.259361 -98.233025 16.144651 87.692370 0.730339 0.303704 -0.596933 -0.134310
0.259964 -98.263908 16.754945 86.900797 0.717697 0.311022 -0.610026 -0.126671
0.225103 -99.219595 16.607287 86.646124 0.716828 0.310531 -0.611965 -0.123398
0.238874 -99.324964 17.191062 85.841075 0.700835 0.312870 -0.631266 -0.111565
0.238459 -100.204111 16.718981 85.906181 0.701658 0.312311 -0.630641 -0.111489
0.215000 -101.178289 16.592856 85.718909 0.699927 0.312357 -0.633153 -0.107946
0.169540 -102.050651 16.203777 85.422935 0.699319 0.313888 -0.634139 -0.101470
0.227146 -102.935684 15.785169 85.219256 0.698454 0.316528 -0.634673 -0.095719
0.261911 -103.808124 15.431687 84.881766 0.695771 0.315768 -0.638347 -0.093312
0.135736 -104.695464 15.173919 84.499427 0.693093 0.313821 -0.642400 -0.091980
0.182696 -105.613706 14.813500 84.335326 0.691872 0.313162 -0.644426 -0.089211
0.179766 -106.501126 14.407001 84.117967 0.689943 0.313776 -0.646376 -0.087874
0.159072 -107.348270 14.011096 83.763559 0.687347 0.312205 -0.650169 -0.085805
0.156189 -108.262340 13.633296 83.616099 0.685451 0.312042 -0.652334 -0.085131
0.173895 -109.184118 13.251039 83.680931 0.684412 0.313562 -0.652859 -0.083868
0.170810 -110.121864 12.937300 83.531932 0.682927 0.312300 -0.655462 -0.080306
0.159477 -111.012194 12.559271 83.278146 0.680518 0.313211 -0.657713 -0.078791
0.144316 -111.851727 12.166548 82.902709 0.676849 0.313692 -0.661589 -0.075977
0.145580 -112.652385 11.678673 82.554968 0.674466 0.311918 -0.665233 -0.072573
0.148025 -113.533610 11.262250 82.331283 0.673173 0.308131 -0.668599 -0.069775
0.136996 -114.446269 10.918172 82.110683 0.669872 0.307195 -0.672823 -0.064906
0.124691 -115.248140 10.400888 81.811650 0.667054 0.306875 -0.676203 -0.060130
0.124464 -116.080576 9.888159 81.601511 0.665020 0.309614 -0.677514 -0.053502
0.127476 -116.964572 9.445203 81.452038 0.662217 0.311922 -0.679638 -0.047599
0.120165 -117.821036 8.960771 81.273728 0.658521 0.309176 -0.684762 -0.043150
0.125358 -118.690221 8.477594 81.168577 0.654535 0.304788 -0.690751 -0.039383
0.124089 -119.582928 8.032089 81.100751 0.649336 0.300626 -0.697696 -0.034753
0.125391 -120.434714 7.514722 81.018341 0.642143 0.296769 -0.706229 -0.028659
0.119867 -121.296792 7.008816 80.988652 0.634911 0.292584 -0.714753 -0.020268
0.121107 -122.126394 6.450463 80.990284 0.627929 0.286453 -0.723593 -0.008013
0.120867 -122.994050 5.954970 81.031021 0.619426 0.284555 -0.731642 0.006306
0.114080 -123.833625 5.416511 81.102963 0.610464 0.281951 -0.739848 0.021476
0.113786 -124.651636 4.845967 81.176025 0.600255 0.275076 -0.750218 0.034633
0.114439 -125.377893 4.168183 81.290740 0.590496 0.265432 -0.760950 0.042600
0.113839 -126.216224 3.639893 81.425314 0.578545 0.261004 -0.771270 0.048016
0.114426 -127.053277 3.113068 81.572952 0.565595 0.257616 -0.781461 0.055268
0.116613 -127.824436 2.510522 81.778506 0.554164 0.254354 -0.790196 0.061620
0.110083 -128.630479 1.962753 82.002658 0.541775 0.252588 -0.798767 0.068195
0.110687 -129.086498 1.926923 82.891907 0.536216 0.263569 -0.798999 0.067858
0.105516 -129.783249 1.374571 83.349558 0.526275 0.260347 -0.806302 0.071634
0.105523 -130.322181 1.260579 84.184158 0.519078 0.266175 -0.808917 0.073236
0.105173 -131.169443 0.891399 84.566065 0.508413 0.266168 -0.814938 0.080914
0.105699 -131.215799 0.606516 85.523506 0.513054 0.269376 -0.810589 0.084597
0.103602 -131.547015 0.140804 86.344120 0.509737 0.264561 -0.813911 0.087889
0.104142 -132.315399 -0.474536 86.520024 0.500549 0.262800 -0.819275 0.095783
0.115191 -132.803633 -0.905643 87.278822 0.495643 0.263462 -0.821225 0.102543
0.104639 -132.877524 -0.474797 88.178218 0.497137 0.269993 -0.816856 0.112718
0.100147 -133.231963 -1.407836 88.239963 0.493077 0.262316 -0.821022 0.118276
0.100950 -133.537036 -1.863980 89.075943 0.492217 0.264242 -0.820356 0.122127
0.100732 -133.810727 -1.690746 90.022032 0.491880 0.263454 -0.820107 0.126769
0.103736 -134.393288 -2.434328 90.350220 0.488178 0.263168 -0.821303 0.133737
0.102421 -135.112587 -2.632606 91.016024 0.484321 0.267544 -0.821240 0.139350
0.103292 -135.640290 -3.324201 91.509203 0.481169 0.265982 -0.823164 0.141881
0.102086 -135.455513 -2.507783 92.056303 0.477845 0.258404 -0.827230 0.143467
0.101787 -135.954921 -3.055509 92.727562 0.476742 0.255337 -0.828947 0.142715
0.102934 -136.535323 -3.710347 93.211629 0.477196 0.254770 -0.828776 0.143202
0.105364 -137.135148 -4.381688 93.646957 0.477584 0.257051 -0.827630 0.144454
0.108835 -137.767176 -5.063556 94.015192 0.478391 0.259670 -0.826405 0.144111
0.106393 -138.431911 -5.736323 94.340017 0.479154 0.259932 -0.826316 0.141592
0.108548 -138.899309 -6.323041 93.678729 0.478798 0.256996 -0.827347 0.142134
0.110852 -139.498681 -7.080266 93.938275 0.478690 0.258230 -0.827706 0.138117
0.101938 -140.189412 -7.788578 94.083822 0.478572 0.260425 -0.827484 0.135714
0.110194 -140.867292 -8.519782 94.160117 0.480826 0.259998 -0.826591 0.133992
0.109347 -141.556911 -9.228526 94.308803 0.483021 0.260442 -0.825729 0.130507
0.108577 -142.244110 -9.922644 94.523178 0.484189 0.261751 -0.825928 0.122025
0.110318 -142.921173 -10.604602 94.799799 0.487282 0.262397 -0.825184 0.113028
0.117512 -143.649288 -11.261854 94.605204 0.486423 0.259021 -0.827683 0.106031
0.116960 -144.316598 -12.004703 94.658810 0.491540 0.259871 -0.825280 0.098834
0.108950 -145.034121 -12.660153 94.423130 0.492133 0.257119 -0.826541 0.092331
0.109261 -145.751789 -13.290487 94.719157 0.500020 0.257134 -0.822681 0.084006
0.117570 -146.519174 -13.841301 95.047372 0.507581 0.257929 -0.818658 0.075058
0.111884 -147.262883 -14.466664 95.283629 0.515066 0.260531 -0.813852 0.066901
0.109348 -148.006720 -15.097194 95.505299 0.523008 0.266925 -0.807327 0.058620
0.117961 -148.802220 -15.695864 95.598976 0.529480 0.274273 -0.801092 0.051741
0.117865 -149.575370 -16.268620 95.326598 0.530061 0.277353 -0.800235 0.041652
0.132829 -150.364276 -16.810153 95.617060 0.541545 0.282530 -0.791085 0.033023
0.134322 -151.116645 -17.376957 95.952729 0.554701 0.289869 -0.779638 0.021169
0.133532 -151.960522 -17.912370 95.987465 0.562061 0.298642 -0.771195 0.012596
0.133407 -152.846329 -18.304334 96.235881 0.573319 0.310338 -0.758254 0.006730
0.148590 -153.432060 -18.805478 95.598877 0.563064 0.300515 -0.769783 -0.009155
0.247272 -154.070293 -19.491161 95.248882 0.564680 0.295876 -0.769905 -0.028992
0.253433 -154.954939 -19.941005 95.126235 0.570711 0.303333 -0.762092 -0.038657
0.253601 -155.833017 -20.418756 95.099158 0.578804 0.311372 -0.751813 -0.053017
0.253571 -156.722350 -20.845691 94.935411 0.586071 0.316740 -0.743131 -0.062875
0.251450 -157.633695 -21.218604 94.761092 0.592332 0.322314 -0.734412 -0.076782
0.253227 -158.480453 -21.559973 94.353088 0.588362 0.320291 -0.736185 -0.096312
0.251720 -159.379872 -21.983883 94.246567 0.598827 0.321403 -0.725879 -0.105865
0.255814 -160.281893 -22.405886 94.155628 0.608698 0.322120 -0.716088 -0.113767
0.253309 -161.215603 -22.748435 94.051478 0.617836 0.321519 -0.707127 -0.121970
0.256886 -162.124325 -23.080869 93.799066 0.624347 0.322739 -0.699344 -0.130188
0.254482 -163.023071 -23.445759 93.555937 0.631612 0.323732 -0.691007 -0.137013
0.251689 -163.931968 -23.798484 93.333474 0.638615 0.324650 -0.682288 -0.145796
0.257420 -164.832528 -24.229041 93.273364 0.648839 0.324210 -0.671251 -0.152704
0.254289 -165.767339 -24.464399 93.007404 0.654622 0.328392 -0.662687 -0.156443
0.209396 -166.658533 -24.791470 92.693083 0.660230 0.325388 -0.656840 -0.163647
0.210628 -167.602300 -25.016329 92.450714 0.664511 0.323504 -0.651681 -0.170537
0.218391 -168.538375 -25.280178 92.218019 0.668112 0.325441 -0.645639 -0.175683
0.176183 -169.461811 -25.556736 91.951971 0.671243 0.329964 -0.638788 -0.180297
0.245276 -170.361365 -25.824434 91.606804 0.673202 0.334078 -0.632895 -0.186103
0.157426 -171.306722 -26.020536 91.346334 0.676563 0.336511 -0.626818 -0.190058
0.160588 -172.216053 -26.273144 91.015720 0.680461 0.335095 -0.621935 -0.194632
0.149624 -173.152239 -26.456115 90.715589 0.683988 0.334407 -0.617704 -0.196913
0.201741 -174.068662 -26.653824 90.367624 0.686420 0.333232 -0.614657 -0.199950
0.252673 -174.980106 -26.847232 90.004493 0.687735 0.333679 -0.612238 -0.202099
0.258579 -175.914226 -27.040132 89.704145 0.689852 0.336345 -0.608305 -0.202339
0.250868 -176.860528 -27.236288 89.447173 0.691808 0.340045 -0.603300 -0.204451
0.247041 -177.735743 -27.444305 89.010450 0.692803 0.341237 -0.600691 -0.206767
0.248919 -178.672957 -27.634222 88.717941 0.694131 0.342879 -0.597648 -0.208403
0.249012 -179.582354 -27.838197 88.355461 0.695308 0.342243 -0.595596 -0.211381
0.198023 -180.462379 -28.014870 87.914618 0.695541 0.342876 -0.593677 -0.214957
0.246629 -181.381678 -28.198331 87.566434 0.696824 0.344796 -0.590087 -0.217599
0.248778 -182.273608 -28.351218 87.140892 0.698345 0.347168 -0.586422 -0.218856
0.249105 -183.069934 -27.902374 86.735424 0.698340 0.353045 -0.583689 -0.216767
0.235457 -183.982612 -28.085017 86.369828 0.700260 0.353190 -0.581227 -0.216951
0.140199 -184.886955 -28.278340 85.989316 0.701885 0.351517 -0.579219 -0.219770
0.139968 -185.803911 -28.462147 85.635188 0.703383 0.351022 -0.576329 -0.223342
0.145532 -186.702665 -28.645861 85.237079 0.705576 0.348166 -0.574883 -0.224616
0.158409 -187.648699 -28.850026 84.985411 0.709704 0.345348 -0.571686 -0.224122
0.151001 -188.500716 -29.008807 84.486558 0.712365 0.342005 -0.570189 -0.224620
0.175059 -189.364708 -29.174987 84.011266 0.714678 0.339220 -0.568572 -0.225591
0.179914 -190.258897 -29.320742 83.587968 0.717508 0.337063 -0.566396 -0.225313
0.163592 -191.146534 -29.478484 83.155280 0.720169 0.335848 -0.564506 -0.223374
0.116431 -192.071956 -29.668629 82.827502 0.722266 0.335523 -0.561886 -0.223698
0.121556 -192.973712 -29.791435 82.413068 0.722728 0.333896 -0.561388 -0.225878
0.118710 -193.865150 -29.933691 81.982834 0.723185 0.331278 -0.560623 -0.230128
0.115078 -194.755284 -30.002156 81.532308 0.723302 0.331662 -0.558404 -0.234560
0.111197 -195.656593 -30.176417 81.135727 0.723824 0.332839 -0.555218 -0.238809
0.105970 -196.566661 -30.186159 80.721383 0.725173 0.333996 -0.551786 -0.241043
0.103422 -197.425043 -30.082418 80.218971 0.726010 0.335492 -0.548067 -0.244902
0.099515 -198.325651 -30.163875 79.792039 0.728669 0.335378 -0.543309 -0.247749
0.102967 -199.238306 -30.306890 79.409147 -0.732885 -0.335676 0.536549 0.249632
0.111650 -200.100259 -30.429427 78.917190 -0.735340 -0.337194 0.530680 0.252892
0.105544 -201.001367 -30.713710 78.589793 -0.738336 -0.334966 0.525276 0.258346
0.103934 -201.870981 -30.680449 78.097182 -0.740741 -0.331001 0.523359 0.260454
0.105484 -202.779778 -30.684081 77.679960 -0.744270 -0.328403 0.520384 0.259644
0.104087 -203.683555 -30.766166 77.259901 -0.746058 -0.327938 0.518773 0.258318
0.101148 -204.569643 -30.770729 76.796406 -0.745672 -0.329169 0.518776 0.257862
0.102913 -205.477932 -30.796068 76.378832 -0.745735 -0.329161 0.519193 0.256848
0.104963 -206.364548 -30.884378 75.924834 -0.746483 -0.328569 0.519631 0.254537
0.107187 -207.258696 -30.938107 75.480298 -0.746850 -0.328320 0.520920 0.251124
0.105946 -208.147109 -30.955801 75.021596 -0.746650 -0.328098 0.522767 0.248154
0.106394 -209.038903 -31.001205 74.571437 -0.746656 -0.327342 0.524882 0.244644
0.110257 -209.927510 -31.043573 74.114728 -0.745578 -0.328626 0.527386 0.240795
0.022703 0.000000 0.000000 0.000000 -0.000000 0.000000 -0.000000 1.000000
0.444110 0.064439 0.168646 0.983568 0.000334 0.000427 -0.000707 1.000000
0.322838 0.131735 0.314634 1.970563 -0.001293 0.000661 -0.000715 0.999999
0.308272 0.198070 0.455381 2.958384 -0.003819 0.002045 -0.001174 0.999990
0.311239 0.271129 0.590851 3.946468 -0.007280 0.002427 -0.001918 0.999969
0.324171 0.339873 0.764234 4.928920 -0.009498 0.002922 -0.002709 0.999947
0.330707 0.370840 0.963275 5.908422 -0.010418 0.002126 -0.002848 0.999939
0.340411 0.408676 1.149173 6.890262 -0.010993 0.001154 -0.002457 0.999936
0.415938 0.464931 1.309021 7.875800 -0.012753 0.000228 -0.002057 0.999917
0.472568 0.516318 1.490852 8.857786 -0.014022 -0.001055 -0.002479 0.999898
0.423598 0.571232 1.628445 9.846751 -0.014044 -0.003966 -0.000866 0.999893
0.428128 0.645122 1.809327 10.827476 -0.013332 -0.007530 0.001075 0.999882
0.408207 0.255383 1.957571 11.736392 -0.014404 -0.000241 -0.001886 0.999894
0.364199 -0.010963 2.217454 12.664573 -0.011147 0.003794 -0.002364 0.999928
0.402173 -0.285562 2.428990 13.602576 -0.009825 0.008091 -0.005465 0.999904
0.393686 -0.564556 2.609521 14.545746 -0.009670 0.010878 -0.008211 0.999860
0.360273 -0.793393 2.854036 15.488002 -0.009335 0.012186 -0.009624 0.999836
0.337014 -1.057086 3.093698 16.422362 -0.009716 0.013854 -0.011168 0.999794
0.310214 -1.340219 3.240511 17.370139 -0.010461 0.014062 -0.011270 0.999783
0.298362 -1.559172 3.337258 18.341066 -0.009370 0.013704 -0.008155 0.999829
0.306508 -1.745441 3.386168 19.322347 -0.004729 0.012983 -0.000908 0.999904
0.315631 -1.765540 3.422943 20.321468 -0.000769 0.011262 0.005537 0.999921
0.299672 -1.966697 3.622010 21.280587 0.000852 0.007540 0.009052 0.999930
0.306006 -1.874657 3.826082 22.255206 0.001368 0.003055 0.011030 0.999934
0.321510 -1.979404 3.562885 21.296168 0.001708 -0.001256 0.013222 0.999910
0.298470 -2.074797 3.664498 22.286407 0.001575 -0.006302 0.015556 0.999858
0.317825 -2.063298 3.748458 23.282810 0.000587 -0.011446 0.016462 0.999799
0.353237 -2.241829 3.684052 22.300986 -0.001250 -0.018210 0.018228 0.999667
0.362787 -2.061914 3.786295 23.279340 -0.003069 -0.027549 0.020089 0.999414
0.380882 -1.845492 3.849370 24.253601 -0.006181 -0.038103 0.022291 0.999006
0.486848 -1.237310 3.915189 25.044664 -0.009134 -0.053565 0.025873 0.998187
0.377459 -2.226273 3.775807 24.994420 -0.012394 -0.052649 0.031773 0.998031
0.368401 -3.190582 3.578450 25.170936 -0.015154 -0.053830 0.036667 0.997762
0.356833 -2.387213 3.790496 25.727383 -0.012051 -0.075344 0.036884 0.996402
0.329636 -3.258850 3.660776 26.200058 -0.010817 -0.079508 0.032446 0.996247
0.321836 -4.101885 3.527869 26.721237 -0.008821 -0.083110 0.028207 0.996102
0.310538 -5.061417 3.467522 26.996295 -0.008291 -0.085504 0.030549 0.995835
0.301345 -5.860421 3.391392 27.592782 -0.010788 -0.088594 0.037801 0.995292
0.299723 -6.526595 3.487728 28.332330 -0.013582 -0.092746 0.046056 0.994531
0.289390 -7.458393 3.294604 28.639667 -0.019085 -0.094168 0.054155 0.993899
0.288902 -7.385992 3.566133 29.599370 -0.021300 -0.104293 0.061522 0.992413
0.290008 -7.834826 3.858185 30.443914 -0.021755 -0.113954 0.069456 0.990816
0.288615 -8.342271 4.190963 31.238746 -0.022114 -0.124162 0.075981 0.989101
0.283636 -8.047268 4.363682 32.178502 -0.021194 -0.146442 0.077332 0.985964
0.283820 -7.753160 4.512122 33.122677 -0.021167 -0.166487 0.081683 0.982427
0.289064 -7.524654 4.697550 34.078397 -0.020882 -0.184340 0.088469 0.978650
0.278362 -7.660334 4.959051 35.034017 -0.020643 -0.201578 0.096479 0.974491
0.285247 -8.481747 4.694530 34.528736 -0.028345 -0.194736 0.103680 0.974949
0.283046 -9.120396 4.864026 35.279335 -0.035310 -0.203932 0.116109 0.971434
0.286675 -9.587064 5.023731 36.149228 -0.039344 -0.215102 0.124399 0.967837
0.286533 -9.913995 5.217932 37.074109 -0.038188 -0.227008 0.126593 0.964875
0.289575 -10.401640 5.360360 37.935454 -0.038133 -0.238340 0.122854 0.962625
0.286441 -10.390791 5.520301 38.922521 -0.038986 -0.252274 0.118770 0.959548
0.284002 -11.098046 5.470169 39.627700 -0.039105 -0.262142 0.121098 0.956602
0.281758 -11.665852 5.512058 40.449796 -0.034668 -0.272025 0.130299 0.952797
0.284627 -12.301246 5.702104 41.198232 -0.031515 -0.281470 0.142648 0.948384
0.281279 -12.925743 5.090658 40.712294 -0.038624 -0.280199 0.142014 0.948593
0.286637 -13.588497 5.241209 41.445841 -0.038770 -0.292561 0.142893 0.944715
0.284471 -14.384441 5.438684 40.873586 -0.025878 -0.272565 0.147662 0.950386
0.280557 -15.080829 5.552102 41.582231 -0.024607 -0.283243 0.153256 0.946404
0.277546 -15.704395 5.035200 40.995734 -0.029681 -0.275791 0.152187 0.948629
0.272630 -16.229075 5.164862 41.837101 -0.027392 -0.287891 0.155678 0.944528
0.277017 -16.850400 5.295866 42.609625 -0.027921 -0.298811 0.160988 0.940221
0.281391 -17.562718 5.327756 43.310757 -0.028838 -0.308987 0.165434 0.936124
0.280669 -18.194816 5.371221 44.084425 -0.027456 -0.319900 0.168314 0.931977
0.287336 -18.749494 4.640806 43.685895 -0.038861 -0.311789 0.165019 0.934904
0.279070 -19.431349 4.783205 44.403388 -0.040835 -0.321497 0.169489 0.930723
0.275926 -20.048437 4.916356 45.178935 -0.043074 -0.331031 0.169091 0.927346
0.278799 -20.816780 4.889754 45.818420 -0.043022 -0.336932 0.168395 0.925348
0.274065 -21.489868 4.997095 46.550151 -0.041729 -0.340579 0.169079 0.923946
0.278551 -22.169791 5.079938 47.278740 -0.040995 -0.342959 0.171467 0.922658
0.277590 -22.848210 5.302609 47.978858 -0.041417 -0.344294 0.173616 0.921740
0.274380 -23.490117 5.424001 48.735970 -0.042285 -0.346214 0.170593 0.921545
0.279158 -24.179601 5.528462 49.452700 -0.042635 -0.346006 0.166945 0.922275
0.278381 -24.778436 5.678131 50.239462 -0.043331 -0.346374 0.164193 0.922598
0.275286 -25.418436 5.824932 50.993683 -0.044533 -0.345826 0.161529 0.923217
0.275739 -26.073581 5.989939 51.730946 -0.045707 -0.344352 0.159740 0.924021
0.276338 -26.752996 6.142693 52.448625 -0.046531 -0.342260 0.158891 0.924903
0.284039 -27.415974 6.332372 53.172836 -0.047081 -0.340779 0.157931 0.925587
0.286991 -28.038316 6.510685 53.935001 -0.046631 -0.340639 0.155745 0.926031
0.282689 -28.737220 6.669715 54.632311 -0.045488 -0.340385 0.155006 0.926306
0.280288 -29.395804 6.754827 55.379990 -0.045543 -0.340567 0.153415 0.926501
0.289484 -29.969306 6.944520 56.176929 -0.045992 -0.340938 0.151886 0.926594
0.286271 -30.600529 7.113250 56.933955 -0.047231 -0.340209 0.152366 0.926721
0.284414 -31.224167 7.234311 57.706237 -0.049262 -0.339466 0.152615 0.926847
0.281752 -31.829083 7.419668 58.480653 -0.050641 -0.339373 0.152313 0.926856
0.287248 -32.445166 7.662270 59.230043 -0.051372 -0.339233 0.152452 0.926844
0.283778 -33.040842 7.849467 60.011150 -0.052990 -0.338416 0.153927 0.926808
0.284077 -33.392049 8.409430 60.761546 -0.051973 -0.338655 0.156380 0.926368
0.291813 -33.932677 8.704253 61.549455 -0.049539 -0.338150 0.155036 0.926911
0.290899 -34.510961 8.860876 62.350115 -0.048264 -0.338857 0.149007 0.927708
0.281019 -35.209078 8.932643 63.062494 -0.050150 -0.339548 0.146616 0.927737
0.278914 -35.875086 9.081732 63.793387 -0.053134 -0.339948 0.144045 0.927827
0.282551 -36.517257 9.273243 64.535641 -0.051578 -0.339353 0.144119 0.928121
0.291657 -37.121935 9.507197 65.296975 -0.047551 -0.338048 0.145576 0.928585
1.397656 -37.738939 9.765853 66.040213 -0.044109 -0.336782 0.149397 0.928608
0.284641 -38.342413 9.945921 66.816998 -0.045092 -0.335883 0.150995 0.928628
0.299871 -38.947372 10.207460 67.569076 -0.048657 -0.334834 0.154275 0.928288
0.330453 -39.377897 10.679262 68.338525 -0.049746 -0.334582 0.154774 0.928238
0.321649 -39.945155 11.006163 69.094405 -0.049562 -0.333665 0.158005 0.928033
0.301390 -40.598145 11.146606 69.838636 -0.049315 -0.332127 0.158942 0.928438
0.291673 -41.220486 11.345479 70.595697 -0.049004 -0.332140 0.156625 0.928843
0.289670 -41.835052 11.558642 71.355216 -0.048750 -0.332258 0.155441 0.929013
0.283095 -41.688631 12.346055 71.954000 -0.042514 -0.336221 0.156165 0.927772
0.283760 -42.385331 12.108319 72.630823 -0.043098 -0.335094 0.155678 0.928234
0.292247 -42.616092 12.258406 73.592188 -0.042610 -0.336822 0.153652 0.927969
0.286507 -43.050754 12.419643 74.478231 -0.042010 -0.337377 0.153376 0.927840
0.289781 -43.425783 12.912731 75.263226 -0.041098 -0.338545 0.153097 0.927502
0.293160 -44.007576 13.041480 76.066308 -0.042883 -0.338585 0.153085 0.927408
0.287471 -44.166263 13.481437 76.950195 -0.040536 -0.341482 0.154218 0.926263
0.288205 -44.793818 13.651815 77.709897 -0.040203 -0.340774 0.155044 0.926401
0.298644 -44.381728 13.999181 78.552226 -0.038659 -0.352252 0.154021 0.922335
0.294372 -45.031531 14.193447 79.287085 -0.035243 -0.351531 0.154924 0.922595
0.296405 -45.657715 14.323239 80.055882 -0.033342 -0.350595 0.157214 0.922635
0.295719 -46.261656 14.509128 80.830930 -0.032710 -0.350547 0.154737 0.923094
0.285217 -46.914421 14.640284 81.577050 -0.033125 -0.351023 0.153798 0.923056
0.299340 -47.593897 14.759883 82.300935 -0.033474 -0.350514 0.152795 0.923403
0.295068 -48.277062 14.910609 83.015475 -0.032906 -0.349932 0.152348 0.923718
0.300269 -48.855063 15.054718 83.818686 -0.032854 -0.350387 0.149556 0.924003
0.302010 -49.382860 15.138145 84.663949 -0.032826 -0.350333 0.147764 0.924313
0.320696 -50.311799 15.231274 85.022278 -0.033245 -0.346082 0.142794 0.926678
0.302896 -50.870468 15.341547 85.844305 -0.034018 -0.344646 0.139015 0.927759
0.301585 -51.340250 15.492002 86.714172 -0.032348 -0.343228 0.137703 0.928540
0.299256 -52.017970 15.589753 87.442965 -0.029581 -0.340806 0.132460 0.930285
0.301006 -52.684154 15.746593 88.172075 -0.027228 -0.338801 0.129530 0.931501
0.310434 -53.308154 15.850951 88.946499 -0.026854 -0.336656 0.126721 0.932675
0.312506 -53.938865 15.966311 89.713894 -0.026947 -0.335068 0.124675 0.933520
0.324525 -54.528071 16.082652 90.513458 -0.027499 -0.333336 0.123608 0.934265
0.349647 -55.091443 16.218550 91.328408 -0.027150 -0.330808 0.124269 0.935086
0.330927 -55.674043 16.367598 92.127384 -0.025836 -0.328227 0.126122 0.935785
0.339036 -56.214004 16.543394 92.950510 -0.024072 -0.326386 0.127331 0.936312
0.312506 -56.785147 16.746669 93.745793 -0.021153 -0.325719 0.122691 0.937234
0.315022 -57.371604 16.864052 94.547223 -0.022373 -0.325146 0.121636 0.937542
0.328260 -57.994113 16.976033 95.321783 -0.022447 -0.323776 0.123788 0.937732
0.321173 -58.626122 17.085082 96.089033 -0.025624 -0.323982 0.124984 0.937421
0.412824 -59.284486 17.141598 96.839608 -0.029393 -0.323932 0.127173 0.937033
0.380353 -59.943354 17.210118 97.588739 -0.026235 -0.323206 0.130217 0.936959
0.372248 -60.557324 17.330768 98.368793 -0.022738 -0.323954 0.132493 0.936473
0.339102 -61.170256 17.451137 99.149707 -0.022880 -0.324813 0.133098 0.936087
0.332996 -61.787300 17.560015 99.929067 -0.022963 -0.325321 0.133457 0.935857
0.330564 -62.258950 17.706599 100.798584 -0.022836 -0.326203 0.134504 0.935403
0.324939 -62.457579 18.302784 101.576472 -0.017377 -0.329612 0.135408 0.934194
0.300430 -63.333655 17.852326 101.404487 -0.020660 -0.323549 0.133005 0.936589
0.291607 -64.134506 17.753014 101.995058 -0.022354 -0.323108 0.132057 0.936836
0.284686 -64.788138 17.706437 102.750437 -0.024489 -0.323426 0.130352 0.936912
0.290487 -65.423242 17.625863 103.518650 -0.025948 -0.323278 0.129892 0.936988
0.283914 -66.029498 17.491328 104.302457 -0.025962 -0.323249 0.129491 0.937053
0.286637 -66.803926 17.221768 104.874818 -0.026252 -0.321373 0.130193 0.937593
0.287482 -67.199064 17.380364 105.779646 -0.024587 -0.322914 0.131475 0.936929
0.285497 -68.097658 16.962208 105.646701 -0.026224 -0.317981 0.131494 0.938568
0.283176 -68.584513 17.002853 106.519238 -0.026257 -0.318159 0.132083 0.938424
0.282597 -69.089686 17.119038 107.374399 -0.024508 -0.318159 0.133171 0.938317
0.283219 -68.903093 17.736098 108.138873 -0.017396 -0.323937 0.137358 0.935893
0.284367 -69.702741 17.569409 108.715742 -0.017822 -0.322670 0.139017 0.936077
0.290202 -70.368702 17.462366 109.454009 -0.015159 -0.322139 0.137666 0.936507
0.289643 -70.243532 18.180908 110.138136 -0.014190 -0.324599 0.140025 0.935322
0.289085 -70.880777 18.204827 110.908426 -0.020616 -0.324746 0.139669 0.935204
0.291998 -71.536286 18.781303 111.396261 -0.020340 -0.323617 0.140206 0.935522
0.287038 -72.048380 18.729367 112.253618 -0.019128 -0.323389 0.140763 0.935542
0.289486 -72.297999 18.003034 112.894032 -0.021933 -0.322984 0.139032 0.935879
0.291897 -72.626341 17.359346 113.585305 -0.024968 -0.323039 0.134986 0.936377
0.288577 -73.451589 17.067666 114.068925 -0.022222 -0.321230 0.135201 0.937037
0.287429 -74.116976 17.173269 114.807917 -0.022805 -0.320456 0.132705 0.937644
0.290754 -74.707706 17.206676 115.614094 -0.025318 -0.319923 0.131208 0.937973
0.291869 -74.480524 17.515086 116.537821 -0.023757 -0.322507 0.130691 0.937200
0.287850 -74.287749 17.769285 117.485566 -0.021376 -0.324710 0.129123 0.936714
0.288798 -75.126481 17.581147 117.996578 -0.020481 -0.322245 0.127906 0.937752
0.289202 -75.284844 18.267071 118.706809 -0.012758 -0.324164 0.127916 0.937226
0.288984 -75.903381 18.445594 119.472016 -0.012231 -0.322763 0.128156 0.937684
0.289412 -76.521668 18.621134 120.238115 -0.012095 -0.321110 0.126750 0.938444
0.290907 -77.143810 18.444067 121.000733 -0.012787 -0.319880 0.123965 0.939226
0.288654 -77.527429 18.820763 121.843904 -0.009992 -0.319889 0.123016 0.939382
0.287989 -77.735656 19.530760 122.516620 -0.006759 -0.321602 0.123356 0.938781
0.286465 -78.015027 19.579451 123.475567 -0.007033 -0.323255 0.119363 0.938727
0.294279 -78.567634 19.836635 124.268336 -0.005926 -0.322014 0.119185 0.939184
0.288131 -78.574806 19.987669 125.256838 -0.008431 -0.324982 0.122693 0.937690
0.289916 -78.926640 20.559779 125.997718 -0.002615 -0.326534 0.124462 0.936951
0.287920 -79.538912 20.324896 126.752670 -0.002790 -0.326232 0.121422 0.937455
0.287406 -80.207634 20.345484 127.495897 -0.004701 -0.326532 0.124214 0.936977
0.284979 -80.831215 20.309071 128.276808 -0.006919 -0.325382 0.125171 0.937236
0.286503 -81.519931 20.404178 128.995574 -0.005932 -0.325332 0.123284 0.937510
0.280724 -82.161291 20.408919 129.762799 -0.005183 -0.324383 0.124684 0.937658
0.291733 -82.177654 20.802165 130.682087 -0.002013 -0.327166 0.127676 0.936300
0.290690 -82.054302 21.037030 131.646256 0.001046 -0.333877 0.125565 0.934215
0.285095 -82.762912 21.116116 132.347411 -0.000118 -0.334068 0.122885 0.934504
0.284177 -83.327688 21.234350 133.164142 -0.002641 -0.335127 0.124137 0.933956
0.289464 -84.036122 21.306193 133.866252 -0.005829 -0.335111 0.125769 0.933728
0.289997 -84.762858 21.253839 134.551171 -0.008458 -0.336761 0.124782 0.933247
0.290347 -85.322555 21.364266 135.372478 -0.007863 -0.340847 0.124268 0.931836
0.289172 -85.908732 21.377816 136.182548 -0.006694 -0.345807 0.126323 0.929739
0.291908 -86.416177 21.457961 137.040497 -0.005122 -0.350139 0.128561 0.927819
0.299672 -87.250013 20.983385 136.758549 -0.009531 -0.346545 0.129698 0.928975
0.340374 -87.937104 21.064634 137.480563 -0.009506 -0.355987 0.133837 0.924808
0.340322 -88.535241 21.041281 138.281617 -0.009640 -0.368274 0.135676 0.919714
0.307563 -89.162331 21.012359 139.060026 -0.011518 -0.382003 0.138799 0.913606
0.292310 -89.876392 21.048919 139.759155 -0.011994 -0.397442 0.144001 0.906179
0.297937 -90.638754 21.043148 140.406280 -0.013213 -0.415197 0.149917 0.897197
0.299195 -91.491890 20.980865 139.888323 -0.010026 -0.409579 0.155741 0.898827
0.293298 -92.332095 20.821137 139.370111 -0.009320 -0.408789 0.161487 0.898180
0.298995 -93.106300 20.492044 138.829459 -0.013199 -0.407356 0.165604 0.898032
0.298499 -94.002170 20.492807 138.385145 -0.008015 -0.405699 0.174527 0.897154
0.315261 -94.669520 19.999892 137.826863 -0.017930 -0.401210 0.179976 0.897952
0.319106 -95.421903 19.987386 138.485470 -0.017510 -0.428479 0.189831 0.883212
0.353942 -96.219783 19.943435 139.086682 -0.018427 -0.456766 0.197279 0.867240
0.350398 -97.047543 19.828418 138.537514 -0.017943 -0.460289 0.204032 0.863819
0.330071 -97.869707 19.758655 139.102474 -0.022608 -0.487990 0.211637 0.846501
0.329639 -98.754074 19.632639 139.551934 -0.022138 -0.514111 0.218072 0.829243
0.333458 -99.620640 19.461498 140.020735 -0.017095 -0.540042 0.224378 0.810997
0.336781 -100.103746 18.919170 139.333357 -0.022099 -0.542387 0.229630 0.807836
0.335449 -100.606321 18.365454 138.669416 -0.029100 -0.546463 0.233694 0.803690
0.345880 -101.046546 17.827487 137.950533 -0.036672 -0.548528 0.233394 0.802060
0.343562 -101.498450 17.275737 137.249566 -0.042140 -0.553489 0.235728 0.797688
0.330135 -101.945521 16.729878 136.540930 -0.047508 -0.557727 0.240768 0.792915
0.340108 -102.358875 16.180769 135.814557 -0.054403 -0.559927 0.246520 0.789145
0.372731 -102.767647 15.588532 135.120179 -0.058910 -0.569552 0.251501 0.780313
0.322860 -103.359003 15.058277 134.512620 -0.059519 -0.580599 0.255853 0.770650
0.297039 -103.678693 14.519993 133.732845 -0.063757 -0.582069 0.260008 0.767806
0.306439 -103.956586 13.988568 132.932618 -0.069309 -0.578624 0.265068 0.768199
0.362976 -104.899194 13.886374 133.250496 -0.066967 -0.596810 0.272516 0.751710
0.342483 -105.280862 13.326961 132.514706 -0.067430 -0.599413 0.274462 0.748884
0.324161 -105.601088 12.763714 131.752992 -0.070639 -0.596078 0.275108 0.751011
0.348935 -106.142457 12.214780 131.116132 -0.070977 -0.595207 0.275819 0.751409
0.332639 -106.741660 11.685510 130.515442 -0.071598 -0.595214 0.276840 0.750969
0.337363 -107.414381 11.077146 130.094325 -0.073414 -0.593488 0.275554 0.752630
0.378331 -108.088073 10.486045 129.650772 -0.073560 -0.590381 0.275157 0.755200
0.387168 -108.863286 9.920079 129.370188 -0.074288 -0.589950 0.276706 0.754900
0.376044 -109.282295 9.352812 128.661217 -0.079663 -0.581373 0.274179 0.761896
0.360032 -109.743892 8.795048 127.971415 -0.085214 -0.572945 0.269693 0.769245
0.362521 -110.423177 8.236378 127.495536 -0.089521 -0.569536 0.268102 0.771839
0.348428 -111.236557 7.747099 127.180864 -0.092864 -0.568934 0.268293 0.771822
0.377763 -111.712319 7.151960 126.533207 -0.100564 -0.557042 0.266318 0.780171
0.348516 -112.565001 6.630136 126.508067 -0.101665 -0.557654 0.265848 0.779751
0.351093 -113.540773 6.567947 126.717833 -0.099491 -0.558515 0.271793 0.777362
0.387673 -114.390745 6.041124 126.715609 -0.098784 -0.557091 0.276176 0.776928
0.344916 -114.250045 6.548012 127.566060 -0.098500 -0.567097 0.275598 0.769899
0.504427 -114.812763 7.285572 127.192758 -0.089323 -0.566966 0.280805 0.769233
0.501377 -115.414733 8.072584 127.057690 -0.098044 -0.572573 0.281620 0.763700
0.436119 -115.811833 7.475393 127.754593 -0.103577 -0.576767 0.281505 0.759847
0.415485 -116.498065 6.833647 127.412178 -0.104533 -0.571098 0.282982 0.763440
0.415448 -117.439744 6.809137 127.747796 -0.103332 -0.572966 0.284531 0.761626
0.475901 -118.113662 6.187290 127.348873 -0.108098 -0.568817 0.281501 0.765192
0.396924 -119.030926 6.218212 127.745953 -0.109310 -0.571918 0.283060 0.762127
0.369784 -119.988119 6.223389 128.035356 -0.109426 -0.573702 0.284059 0.760396
0.383012 -120.909194 6.367890 128.396935 -0.109452 -0.576528 0.287456 0.756971
0.370636 -121.869577 6.449121 128.663520 -0.108368 -0.578901 0.289669 0.754468
0.356735 -122.645574 5.838501 128.505500 -0.111600 -0.578087 0.289572 0.754659
0.356122 -123.601903 5.925298 128.784607 -0.115806 -0.582420 0.290012 0.750512
0.388455 -124.520625 5.530416 128.780217 -0.121645 -0.583519 0.283795 0.751112
0.371488 -125.255406 4.924313 128.475693 -0.125363 -0.581363 0.281910 0.752880
0.326353 -126.227019 4.896647 128.710646 -0.123435 -0.582902 0.284263 0.751122
0.340285 -127.192995 4.966642 128.959628 -0.123344 -0.585807 0.286458 0.748036
0.324807 -128.173080 4.864215 129.129748 -0.123484 -0.588236 0.286520 0.746081
0.323818 -129.142462 4.781412 129.360927 -0.123559 -0.590830 0.287592 0.743602
0.311948 -129.960508 4.212346 129.277472 -0.125477 -0.590409 0.285606 0.744380
0.303311 -130.936040 4.264173 129.491136 -0.123830 -0.593379 0.285933 0.742166
0.306990 -131.895671 4.301528 129.769905 -0.124327 -0.596824 0.289277 0.738012
0.301539 -132.871442 4.240351 129.979973 -0.123888 -0.599587 0.289225 0.735864
0.296308 -133.856505 4.177113 130.140136 -0.123490 -0.602587 0.288360 0.733817
0.303896 -134.832186 4.069022 130.330824 -0.125582 -0.605265 0.289763 0.730699
0.293743 -135.821169 4.056564 130.478332 -0.125280 -0.606763 0.293197 0.728134
0.296753 -136.798801 3.988144 130.677214 -0.125107 -0.610316 0.294256 0.724759
0.290619 -137.781374 3.920859 130.850485 -0.127871 -0.614608 0.294991 0.720338
0.293575 -138.773166 3.911173 130.977980 -0.132250 -0.619608 0.293169 0.715994
0.297221 -139.761613 3.844133 131.113911 -0.135341 -0.624651 0.292939 0.711112
0.287935 -140.749328 3.742102 131.232269 -0.135848 -0.628338 0.296206 0.706399
0.295157 -141.743271 3.693192 131.330682 -0.134513 -0.632974 0.302757 0.699706
0.290137 -142.729171 3.554320 131.424042 -0.132774 -0.638302 0.307678 0.693020
0.296999 -143.717258 3.407106 131.468899 -0.130666 -0.645798 0.312362 0.684326
0.292986 -144.709589 3.287782 131.501155 -0.130127 -0.653815 0.318675 0.673824
0.295162 -145.694834 3.166054 131.380844 -0.132842 -0.661090 0.327965 0.661628
0.298152 -146.672578 2.975251 131.293604 -0.137699 -0.670945 0.333261 0.647926
0.296581 -147.645255 2.775291 131.175639 -0.142888 -0.681336 0.339277 0.632657
0.288320 -148.619986 2.594424 131.044538 -0.143275 -0.690167 0.348681 0.617708
0.284387 -149.589002 2.431278 130.859089 -0.138931 -0.697393 0.358838 0.604629
0.286636 -150.539285 2.173319 130.684679 -0.133891 -0.705681 0.365714 0.591896
0.290970 -151.420241 1.915555 130.287849 -0.129948 -0.712690 0.372931 0.579749
0.283657 -152.356677 1.625251 130.090843 -0.125727 -0.721317 0.377203 0.567110
0.284799 -153.170077 1.279317 129.623179 -0.122873 -0.727589 0.382477 0.556082
0.275476 -154.098317 0.942480 129.465345 -0.118273 -0.735787 0.385564 0.544031
0.274900 -154.897438 0.519054 129.038592 -0.115194 -0.741234 0.392134 0.532478
0.282407 -155.697503 -0.059848 128.881217 -0.110057 -0.748382 0.394480 0.521725
0.281877 -155.481225 -0.653660 128.106226 -0.112554 -0.750165 0.396427 0.517136
0.280911 -155.774571 -1.605456 128.195852 -0.110430 -0.759184 0.385833 0.512423
0.275648 -156.587612 -1.889059 127.687391 -0.110117 -0.761671 0.395250 0.501507
0.275791 -156.330499 -2.652560 127.094972 -0.118278 -0.758774 0.390308 0.507870
0.271861 -157.238367 -2.970535 126.821719 -0.119563 -0.764384 0.392949 0.497004
0.274302 -158.113272 -3.381830 126.566028 -0.120192 -0.768829 0.396285 0.487252
0.274440 -159.033708 -3.722272 126.373944 -0.117896 -0.771904 0.399670 0.480134
0.278702 -159.796489 -4.124289 125.867439 -0.119896 -0.775680 0.401334 0.472097
0.279586 -160.536988 -4.573896 125.367924 -0.119762 -0.776455 0.407835 0.465237
0.275878 -161.335450 -4.929192 124.881897 -0.122903 -0.779692 0.408528 0.458345
0.275159 -162.136194 -5.363189 124.469034 -0.124912 -0.782981 0.407710 0.452891
0.276435 -162.942311 -5.793856 124.063200 -0.123642 -0.785124 0.409085 0.448266
0.273504 -163.748120 -6.283340 123.729916 -0.119992 -0.785558 0.412108 0.445721
0.272268 -164.506856 -6.706179 123.234410 -0.118291 -0.784975 0.416124 0.443467
0.273428 -165.242322 -7.169904 122.740397 -0.118705 -0.784505 0.417161 0.443212
0.277201 -166.069529 -7.565848 122.341703 -0.119798 -0.785413 0.414694 0.443626
0.276646 -166.840983 -8.052520 121.931813 -0.122243 -0.785349 0.412640 0.444984
0.275374 -167.715235 -8.385535 121.578567 -0.121545 -0.784554 0.412985 0.446257
0.272893 -168.557336 -8.762349 121.192720 -0.121881 -0.783419 0.414357 0.446886
0.285042 -169.432303 -9.097091 120.842891 -0.119504 -0.783504 0.413088 0.448552
0.284414 -170.267503 -9.489924 120.458022 -0.118915 -0.783145 0.410978 0.451264
0.270063 -171.168710 -9.813148 120.169316 -0.118954 -0.781571 0.410946 0.454005
0.283584 -171.871877 -10.420486 119.799591 -0.119967 -0.779163 0.408102 0.460396
0.289889 -172.743483 -10.730360 119.419747 -0.115403 -0.776706 0.406633 0.466969
0.284598 -173.629548 -11.086869 119.123453 -0.112350 -0.773674 0.406377 0.472931
0.287302 -174.568673 -11.229292 118.810786 -0.108467 -0.769001 0.408159 0.479874
0.278541 -175.347955 -11.809231 118.573318 -0.111606 -0.764338 0.403546 0.490389
0.284380 -176.220583 -12.252728 118.368793 -0.112838 -0.759718 0.400598 0.499618
0.271570 -177.132749 -12.578916 118.120691 -0.111391 -0.753456 0.400488 0.509418
0.279005 -178.047593 -12.959810 117.986603 -0.108318 -0.747949 0.398651 0.519535
0.286350 -178.996880 -13.233547 117.831933 -0.107209 -0.743275 0.395973 0.528446
0.280346 -179.952268 -13.472781 117.658725 -0.107199 -0.738999 0.389790 0.538937
0.287237 -180.849305 -13.860749 117.447055 -0.108834 -0.733818 0.379506 0.552849
0.294496 -181.807649 -14.102021 117.294199 -0.107069 -0.728130 0.372132 0.565580
0.310675 -182.765424 -14.340166 117.133096 -0.107438 -0.719833 0.368487 0.578373
0.314842 -183.723630 -14.595969 117.005011 -0.106393 -0.711487 0.361635 0.593033
0.319697 -184.720393 -14.665869 117.044730 -0.104825 -0.707469 0.353663 0.602845
0.354914 -185.691327 -14.905202 117.047565 -0.106006 -0.700366 0.343270 0.616779
0.378738 -186.690111 -14.910213 117.096597 -0.099965 -0.693380 0.336719 0.629167
0.403513 -187.685021 -15.010864 117.101418 -0.097046 -0.685570 0.326961 0.643174
0.426284 -188.683024 -15.065428 117.133236 -0.094988 -0.677517 0.317487 0.656620
0.506307 -189.678042 -15.106459 117.224105 -0.093776 -0.668939 0.310969 0.668599
0.465466 -190.664945 -15.046245 117.373761 -0.091204 -0.660483 0.304175 0.680383
0.463019 -191.651399 -15.081041 117.534061 -0.090237 -0.650518 0.299551 0.692064
0.461095 -192.633886 -15.092819 117.720021 -0.088792 -0.640160 0.296901 0.702966
0.461458 -193.610284 -15.114078 117.934954 -0.090591 -0.629584 0.292871 0.713894
0.465091 -194.578186 -15.092137 118.185322 -0.092656 -0.619758 0.289496 0.723537
0.468135 -195.546904 -15.088380 118.433455 -0.092622 -0.609273 0.286014 0.733759
0.457626 -196.524361 -15.019196 118.632936 -0.093195 -0.598580 0.284714 0.742937
0.454931 -197.500703 -14.969397 118.843352 -0.094064 -0.588203 0.281158 0.752409
0.455199 -198.468758 -14.982080 119.093772 -0.095161 -0.577540 0.275871 0.762422
0.456008 -199.423313 -14.930886 119.387376 -0.097141 -0.568430 0.271522 0.770537
0.466527 -200.322002 -14.826968 119.813473 -0.100296 -0.562468 0.263853 0.777144
0.455318 -201.255379 -14.723421 120.157110 -0.099725 -0.554044 0.263086 0.783502
0.404292 -202.179782 -14.649003 120.531196 -0.096855 -0.546474 0.261988 0.789523
0.321864 -203.113698 -14.620455 120.887547 -0.097395 -0.540795 0.258554 0.794484
0.317355 -204.038569 -14.539894 121.259198 -0.098050 -0.536605 0.251937 0.799355
0.378584 -204.954532 -14.445086 121.649099 -0.098004 -0.532727 0.244975 0.804105
0.340041 -205.885558 -14.361266 122.004294 -0.097828 -0.526485 0.240655 0.809524
0.352911 -206.791512 -14.306603 122.424128 -0.098564 -0.520393 0.238723 0.813934
0.343750 -207.688173 -14.204593 122.854932 -0.099339 -0.515595 0.238457 0.816965
0.360257 -208.541080 -13.970740 123.321689 -0.098103 -0.511870 0.237883 0.819620
0.378959 -209.418330 -13.811447 123.774523 -0.097807 -0.509464 0.237641 0.821223
0.343372 -210.312432 -13.741185 124.216842 -0.099978 -0.507715 0.233080 0.823349
0.457265 -211.195389 -13.612707 124.668372 -0.100269 -0.506112 0.230340 0.825070
0.411255 -212.082510 -13.495345 125.114738 -0.100056 -0.504252 0.226739 0.827229
0.459757 -212.943072 -13.291388 125.581465 -0.099565 -0.502876 0.222500 0.829275
0.352253 -213.837287 -13.188073 126.017018 -0.098238 -0.499270 0.220659 0.832099
0.298539 -214.715627 -13.052836 126.475526 -0.097416 -0.496606 0.219982 0.833967
0.313384 -215.600241 -12.947758 126.929857 -0.097397 -0.494062 0.216700 0.836336
0.388739 -216.490396 -12.896958 127.382675 -0.100621 -0.491120 0.214714 0.838197
0.344729 -217.385107 -12.834852 127.824981 -0.103247 -0.488725 0.210054 0.840455
0.299211 -218.238357 -12.648851 128.312185 -0.103657 -0.486832 0.207360 0.842171
0.277987 -219.108392 -12.509565 128.785090 -0.103121 -0.483574 0.207174 0.844157
0.292786 -219.995470 -12.410587 129.235972 -0.102339 -0.480017 0.207534 0.846191
0.291618 -220.829744 -12.200167 129.745590 -0.102025 -0.476888 0.208219 0.847829
0.296027 -221.708760 -12.087839 130.208963 -0.104199 -0.472691 0.209434 0.849613
0.293862 -222.548974 -11.859561 130.700826 -0.106005 -0.469106 0.212258 0.850676
0.301637 -223.411534 -11.739031 131.192214 -0.108020 -0.464975 0.212607 0.852601
0.297486 -224.277783 -11.615213 131.676242 -0.110218 -0.460851 0.212421 0.854603
0.289640 -225.155480 -11.517073 132.145300 -0.113587 -0.458415 0.212292 0.855503
0.275620 -226.039261 -11.427608 132.604568 -0.115408 -0.455569 0.210675 0.857178
0.279340 -226.858447 -11.260385 133.153176 -0.113909 -0.453338 0.210185 0.858680
0.280637 -227.650679 -11.013498 133.711222 -0.110662 -0.450706 0.211854 0.860079
0.286482 -228.583393 -11.019942 134.071782 -0.109172 -0.445668 0.209199 0.863538
0.281202 -229.367930 -10.810956 134.655585 -0.107433 -0.443300 0.206164 0.865702
0.271338 -230.136581 -10.603140 135.260555 -0.106939 -0.440342 0.203603 0.867876
0.270221 -230.923802 -10.412795 135.847114 -0.105729 -0.435665 0.199880 0.871244
0.269098 -231.720330 -10.220543 136.420335 -0.105672 -0.430200 0.196353 0.874761
0.270372 -232.506510 -10.002187 136.998471 -0.108363 -0.424712 0.194068 0.877619
0.282450 -233.265701 -9.819050 137.623043 -0.110044 -0.420449 0.190236 0.880297
0.271983 -234.037096 -9.613697 138.225355 -0.108351 -0.415654 0.187752 0.883312
0.271872 -234.817149 -9.417067 138.819370 -0.107799 -0.410499 0.190092 0.885288
0.271767 -235.581461 -9.217934 139.432699 -0.110394 -0.406503 0.191703 0.886464
0.275877 -236.333837 -9.030286 140.064142 -0.113055 -0.406328 0.191395 0.886275
0.273196 -237.169987 -8.922611 140.601970 -0.113902 -0.405624 0.189676 0.886859
0.272196 -237.951295 -8.706729 141.187591 -0.113158 -0.405990 0.189330 0.886861
0.275527 -238.577777 -8.380340 141.895398 -0.114008 -0.408351 0.190515 0.885413
0.276198 -239.419276 -8.232988 142.415173 -0.116265 -0.408691 0.190847 0.884891
0.282692 -240.104568 -7.922166 143.073781 -0.117377 -0.411443 0.192770 0.883050
0.285951 -240.967284 -7.816210 143.568246 -0.119818 -0.411441 0.193323 0.882602
0.289403 -241.762639 -7.587171 144.129452 -0.121882 -0.414580 0.194555 0.880577
0.239927 0.000000 0.000000 0.000000 -0.000000 0.000000 -0.000000 1.000000
0.662201 0.008086 0.159638 0.987143 0.000202 0.001332 -0.002734 0.999995
0.476310 0.041214 0.277604 1.979607 -0.001647 0.001733 -0.002082 0.999995
0.453717 0.102186 0.416268 2.968068 -0.003923 0.002228 -0.000226 0.999990
0.449520 0.168128 0.617864 3.945315 -0.005301 0.003521 0.000332 0.999980
0.459477 0.226737 0.810055 4.924921 -0.006738 0.003855 -0.000411 0.999970
0.448740 0.247317 0.890020 5.921506 -0.010824 0.002778 -0.003366 0.999932
0.452048 0.312787 1.065664 6.903780 -0.011480 0.001268 -0.001449 0.999932
0.444191 0.335566 1.198799 7.894616 -0.014027 -0.000487 -0.001092 0.999901
0.456517 0.342206 1.350539 8.883014 -0.015617 -0.002753 0.000154 0.999874
0.469618 0.308964 1.537021 9.864910 -0.015670 -0.003088 -0.002044 0.999870
0.471867 0.227204 1.894724 10.795160 -0.011761 -0.003811 -0.000004 0.999924
0.458557 -0.032695 2.202387 11.710471 -0.008013 -0.000149 0.000339 0.999968
0.487472 -0.333516 2.498569 12.616994 -0.003876 0.004501 -0.000630 0.999982
0.454717 -0.606272 2.737185 13.549016 -0.001135 0.008151 -0.002420 0.999963
0.447512 -0.777155 2.929664 14.515324 0.000066 0.006778 -0.001377 0.999976
0.443126 -0.960507 3.152118 15.472871 0.000446 0.007616 -0.003255 0.999966
0.441644 -1.289519 3.359873 16.394060 -0.000698 0.009568 -0.006102 0.999935
0.459835 -1.561540 3.549990 17.337384 -0.001075 0.009303 -0.006396 0.999936
0.449336 -1.820720 3.668585 18.295904 0.000071 0.009055 -0.003829 0.999952
0.451164 -2.072248 3.689037 19.263538 0.004495 0.008503 0.003019 0.999949
0.446352 -2.162834 3.734402 20.258393 0.008073 0.006467 0.009386 0.999902
0.451888 -2.340119 3.790117 21.240974 0.009070 0.003402 0.012754 0.999872
0.443268 -2.396044 4.091490 22.192839 0.009811 -0.001932 0.016273 0.999818
0.438305 -2.451086 4.312469 23.166563 0.010134 -0.007229 0.019654 0.999729
0.444888 -2.331175 4.402834 24.155227 0.010024 -0.012083 0.021633 0.999643
0.440558 -2.197688 4.550711 25.135183 0.009102 -0.017866 0.023016 0.999534
0.442954 -2.022367 4.664935 26.113045 0.007840 -0.024548 0.024320 0.999372
0.444937 -2.033918 4.788672 27.105293 0.005807 -0.034566 0.027236 0.999014
0.437725 -1.703664 4.969727 28.031658 0.000465 -0.045493 0.033903 0.998389
0.435152 -2.551763 4.998151 27.502582 -0.001795 -0.055113 0.035209 0.997858
0.433629 -3.405943 4.826117 27.993276 -0.004475 -0.056570 0.039661 0.997601
0.434980 -2.637580 4.938085 28.623420 -0.002570 -0.086486 0.042352 0.995349
0.442280 -3.352550 5.012928 29.318557 -0.001487 -0.089896 0.040357 0.995132
0.435764 -2.676565 5.169428 30.038662 0.007414 -0.135404 0.036106 0.990105
0.434967 -3.587117 4.837220 29.792628 0.005236 -0.132722 0.033268 0.990581
0.434285 -4.570122 4.659958 29.744874 0.005232 -0.136348 0.035888 0.989997
0.445893 -5.260565 4.684003 30.467860 0.003514 -0.139991 0.041979 0.989256
0.444629 -6.248403 4.657589 30.314634 0.000785 -0.141612 0.048640 0.988726
0.446302 -7.239964 4.614016 30.192537 -0.003329 -0.137876 0.056418 0.988836
0.447995 -7.894509 4.623028 30.948506 -0.006351 -0.143418 0.062141 0.987689
0.459616 -7.683269 4.915402 31.881188 -0.007280 -0.158549 0.068927 0.984915
0.462803 -8.573057 4.605231 32.215959 -0.011383 -0.163975 0.071549 0.983801
0.391294 -9.492002 4.447579 32.577465 -0.012781 -0.170783 0.071954 0.982595
0.369742 -9.473580 4.709939 33.542259 -0.011037 -0.188427 0.076752 0.979021
0.465334 -10.392197 4.341359 33.399810 -0.014731 -0.189610 0.080905 0.978410
0.310836 -10.638321 4.461565 34.361566 -0.014876 -0.202755 0.085678 0.975361
0.256171 -10.953106 4.786054 35.253540 -0.019159 -0.218930 0.099456 0.970469
0.260593 -11.456155 4.906441 36.109372 -0.026473 -0.228527 0.109828 0.966960
0.249404 -11.276472 5.364199 36.980102 -0.025949 -0.251018 0.120651 0.960083
0.209141 -12.057253 5.043759 36.443726 -0.027954 -0.246046 0.120125 0.961379
0.230660 -12.275954 5.287958 37.388468 -0.027450 -0.258819 0.116629 0.958466
0.217391 -12.756246 5.397378 38.258724 -0.028907 -0.270655 0.113764 0.955493
0.249084 -13.500586 5.378080 38.926247 -0.028834 -0.280406 0.116722 0.952322
0.219400 -14.001315 5.511809 39.781459 -0.024945 -0.290549 0.126792 0.948094
0.237413 -13.537153 5.438859 38.898717 -0.021165 -0.298252 0.135483 0.944586
0.218537 -14.100613 5.561998 39.715632 -0.023096 -0.309071 0.139128 0.940524
0.213359 -14.425595 5.736613 40.645092 -0.022660 -0.322481 0.137802 0.936217
0.195226 -15.003737 5.904509 41.443567 -0.020650 -0.333444 0.138986 0.932240
0.203980 -15.767741 5.992059 42.082811 -0.020022 -0.343917 0.144594 0.927584
0.249904 -16.535574 6.105694 42.713304 -0.019275 -0.353291 0.149441 0.923299
0.214357 -17.269931 6.245313 43.377552 -0.018330 -0.364599 0.155015 0.917988
0.192674 -18.002121 6.329962 44.053372 -0.019277 -0.375221 0.159927 0.912831
0.225016 -18.731484 6.419875 44.731564 -0.020232 -0.385504 0.163626 0.907857
0.234656 -19.427933 6.445881 45.448699 -0.019158 -0.396600 0.166741 0.902518
0.242007 -20.137584 6.519959 46.149348 -0.017153 -0.406805 0.170290 0.897339
0.266664 -20.939610 6.630124 46.736389 -0.019423 -0.416236 0.174646 0.892115
0.241428 -21.746210 6.691684 47.324273 -0.021955 -0.425171 0.174849 0.887792
0.334052 -22.588121 6.648459 47.862155 -0.020951 -0.431563 0.172984 0.885094
0.251220 -23.375107 6.768439 48.467347 -0.019682 -0.435243 0.174822 0.882957
0.258744 -24.138038 6.831202 49.110773 -0.018863 -0.437465 0.176288 0.881584
0.286398 -24.936527 6.950005 49.700943 -0.020353 -0.438939 0.178385 0.880396
0.284002 -25.744359 6.984253 50.289360 -0.021178 -0.440632 0.175990 0.880013
0.350808 -26.560334 7.048050 50.863917 -0.021403 -0.440362 0.173381 0.880660
0.382348 -27.360676 7.076368 51.462791 -0.022099 -0.440281 0.171332 0.881084
0.436577 -28.079575 7.179027 52.150284 -0.022608 -0.440247 0.168058 0.881719
0.437800 -28.874502 7.293225 52.746144 -0.023399 -0.438584 0.166372 0.882846
0.447942 -29.633890 7.396802 53.388485 -0.024253 -0.437084 0.165239 0.883779
0.447637 -30.389931 7.499282 54.034936 -0.024734 -0.435952 0.164349 0.884491
0.442811 -31.129810 7.640538 54.692680 -0.024292 -0.435925 0.162334 0.884888
0.427459 -31.947510 7.659158 55.268023 -0.022860 -0.435760 0.160031 0.885427
0.414584 -32.745657 7.741759 55.864796 -0.022511 -0.435720 0.158828 0.885672
0.451391 -33.495486 7.926361 56.500153 -0.022628 -0.435785 0.158926 0.885620
0.439069 -34.262933 7.995094 57.137571 -0.023148 -0.435524 0.158406 0.885828
0.441609 -35.020521 8.107599 57.780535 -0.024052 -0.434868 0.157899 0.886216
0.438081 -35.791357 8.151762 58.416036 -0.025576 -0.434406 0.156238 0.886695
0.437733 -36.564483 8.254520 59.041909 -0.026186 -0.434321 0.155588 0.886832
0.443969 -37.357198 8.378437 59.638774 -0.028352 -0.433026 0.159052 0.886784
0.443589 -38.100369 8.512802 60.294246 -0.028817 -0.432669 0.160982 0.886596
0.449148 -38.826772 8.673957 60.962353 -0.026758 -0.432123 0.161486 0.886835
0.443999 -39.576181 8.830136 61.605776 -0.025728 -0.432451 0.159473 0.887069
0.442034 -40.378909 8.901912 62.197786 -0.029011 -0.433467 0.158956 0.886565
0.443411 -41.166092 8.968254 62.810928 -0.029885 -0.434193 0.153998 0.887056
0.446735 -41.924200 9.113582 63.446657 -0.028214 -0.433577 0.153779 0.887449
0.442170 -42.674477 9.284644 64.085267 -0.023754 -0.432345 0.155659 0.887854
0.172517 0.000000 0.000000 0.000000 -0.000000 0.000000 -0.000000 1.000000
0.413563 0.080804 0.132497 0.987884 -0.000666 0.000725 -0.002941 0.999995
0.404670 0.161469 0.283148 1.973175 -0.002081 0.000774 -0.001615 0.999996
0.399020 0.219149 0.421301 2.961905 -0.005293 0.002390 -0.002869 0.999979
0.402282 0.293011 0.556134 3.950016 -0.008057 0.002897 -0.001721 0.999962
0.400163 0.355223 0.725782 4.933555 -0.009609 0.002973 -0.000983 0.999949
0.398874 0.403370 0.854793 5.924029 -0.012559 0.002517 -0.003156 0.999913
0.403324 0.492605 0.987877 6.911108 -0.015250 0.001264 -0.004013 0.999875
0.396960 0.496449 1.299535 7.861295 -0.012040 0.001306 -0.000884 0.999926
0.393517 0.591381 1.388023 8.852838 -0.015779 -0.001761 -0.001496 0.999873
0.396915 0.536439 1.442748 9.849827 -0.019610 -0.002261 -0.004081 0.999797
0.396096 0.601231 1.578190 10.838491 -0.022103 -0.005127 -0.006370 0.999722
0.398388 0.658613 1.750645 11.821836 -0.022391 -0.009308 -0.003425 0.999700
0.399529 0.499608 1.933754 12.791985 -0.021822 -0.009316 -0.003830 0.999711
0.416310 0.160505 2.163034 13.704366 -0.020079 -0.004777 -0.007068 0.999762
0.406668 -0.058310 2.577356 14.587801 -0.015168 -0.004444 -0.006310 0.999855
0.402054 -0.460067 2.836978 15.465974 -0.016260 -0.001237 -0.010382 0.999813
0.411043 -0.628115 3.066748 16.424601 -0.016517 -0.001650 -0.009955 0.999813
0.274545 -0.815841 3.286135 17.382008 -0.016712 -0.002732 -0.009377 0.999813
0.261846 -0.426239 3.143657 16.472112 -0.015794 -0.003336 -0.006173 0.999851
0.261150 -0.640403 3.298181 17.436610 -0.011164 -0.003967 -0.000203 0.999930
0.294202 -0.724296 3.365215 18.430827 -0.007620 -0.005750 0.005833 0.999937
0.269463 -0.653792 3.167369 17.453133 -0.006071 -0.009332 0.008996 0.999898
0.397684 -0.669563 3.412145 18.422584 -0.005675 -0.014093 0.011651 0.999817
0.396325 -0.640273 3.554306 19.411995 -0.005947 -0.018077 0.013786 0.999724
0.401695 -0.750120 3.331325 18.443381 -0.006334 -0.023940 0.016929 0.999550
0.402178 -0.615126 3.415127 19.430677 -0.007451 -0.028385 0.018040 0.999406
0.394515 -0.479184 3.512579 20.416589 -0.009236 -0.036635 0.020387 0.999078
0.405730 -0.189424 3.715249 21.351984 -0.012869 -0.046527 0.025733 0.998503
0.417020 0.524041 3.762734 22.051064 -0.016078 -0.060956 0.027629 0.997628
0.406274 0.429427 3.810450 23.045434 -0.019341 -0.072542 0.031537 0.996679
0.407999 -0.531893 3.603194 23.226844 -0.023736 -0.072820 0.037747 0.996348
0.415781 -1.464383 3.274370 23.376298 -0.029408 -0.069141 0.041973 0.996290
0.410439 -2.437484 3.053702 23.442491 -0.031103 -0.069145 0.041570 0.996255
0.409105 -3.253244 2.796082 23.960340 -0.031447 -0.073253 0.037751 0.996102
0.414862 -4.075731 2.655934 24.511586 -0.028981 -0.077860 0.033653 0.995975
0.412636 -5.066982 2.663493 24.643366 -0.028334 -0.077897 0.036467 0.995891
0.411165 -5.753793 2.803740 25.356542 -0.029487 -0.081126 0.043096 0.995335
0.414811 -6.408003 2.921319 26.103660 -0.032472 -0.085279 0.052061 0.994466
0.421836 -7.046517 3.054140 26.861723 -0.035671 -0.090569 0.061147 0.993371
0.338428 -7.623172 3.103844 27.677197 -0.038224 -0.096388 0.066652 0.992374
0.306937 -7.455498 3.453783 28.598841 -0.037975 -0.110339 0.072823 0.990495
0.247903 -7.032793 3.836326 29.420413 -0.034823 -0.132835 0.077483 0.987491
0.215586 -6.676276 4.135825 30.305397 -0.033373 -0.154236 0.080860 0.984154
0.185664 -6.435361 4.310427 31.260109 -0.032895 -0.172595 0.084850 0.980780
0.284694 -6.709748 4.484325 32.205874 -0.032198 -0.184920 0.090887 0.978012
0.180801 -7.020014 4.643168 33.143159 -0.033475 -0.196972 0.097617 0.974963
0.156582 -7.032939 4.809135 34.129206 -0.037811 -0.214028 0.107027 0.970210
0.152077 -7.522038 5.012441 34.977409 -0.044806 -0.224700 0.118790 0.966122
0.149897 -7.500795 5.274059 35.942347 -0.047911 -0.243031 0.127830 0.960364
0.150542 -7.580818 5.590057 36.887726 -0.046145 -0.257408 0.130773 0.956300
0.166358 -8.163058 5.779407 37.678386 -0.046947 -0.267910 0.128765 0.953645
0.135346 -8.669725 6.060466 38.493428 -0.048309 -0.279860 0.128336 0.950197
0.154869 -9.461545 6.060507 39.104182 -0.048193 -0.289090 0.131576 0.946991
0.142912 -10.183281 6.150025 39.790538 -0.045153 -0.298004 0.143088 0.942699
0.135555 -10.563517 6.255111 40.709438 -0.040863 -0.307225 0.152051 0.938522
0.139811 -11.451660 5.827069 40.876716 -0.044505 -0.314083 0.154546 0.935674
0.133260 -12.173539 5.943664 41.558843 -0.044522 -0.325893 0.155104 0.931533
0.131707 -12.535607 6.148333 42.468248 -0.041541 -0.340092 0.156499 0.926348
0.138436 -13.272094 6.164558 43.144506 -0.039516 -0.350702 0.159215 0.922007
0.157522 -13.804392 5.373262 42.843658 -0.052468 -0.344640 0.153010 0.924693
0.135748 -14.527070 5.519902 43.519108 -0.051374 -0.355916 0.157988 0.919633
0.130310 -15.235389 5.637437 44.215146 -0.051035 -0.366373 0.160795 0.915047
0.142148 -15.959576 5.751807 44.895200 -0.051536 -0.376673 0.164464 0.910172
0.152479 -16.590397 5.870743 45.661959 -0.050114 -0.387134 0.167098 0.905369
0.152275 -17.349019 5.949357 46.308730 -0.048087 -0.396807 0.170642 0.900618
0.158688 -18.118061 6.059038 46.938447 -0.049405 -0.406621 0.173243 0.895659
0.167692 -18.910414 6.067027 47.548458 -0.051915 -0.415559 0.172533 0.891542
0.196555 -19.695608 6.113915 48.165930 -0.050638 -0.422194 0.170252 0.888933
0.166382 -20.494817 6.140654 48.766388 -0.048368 -0.426177 0.169602 0.887282
0.160089 -21.288799 6.190749 49.372262 -0.048066 -0.428396 0.171584 0.885847
0.177010 -22.003282 6.343384 50.055063 -0.047682 -0.430412 0.170540 0.885092
0.169780 -22.760033 6.475778 50.695219 -0.047760 -0.432320 0.167408 0.884756
0.210376 -23.519274 6.654606 51.320978 -0.048055 -0.432738 0.165450 0.884904
0.257652 -24.286432 6.761874 51.953403 -0.048383 -0.432652 0.162134 0.885542
0.347433 -25.103564 6.865274 52.520504 -0.050620 -0.431921 0.161329 0.885920
0.296651 -25.910369 6.990206 53.097962 -0.051638 -0.430220 0.159214 0.887071
0.349661 -26.729675 7.082888 53.663778 -0.052174 -0.428160 0.157448 0.888351
0.149430 0.000000 0.000000 0.000000 -0.000000 0.000000 -0.000000 1.000000
0.413228 0.036697 0.169831 0.984790 0.000268 0.001033 -0.001402 0.999998
0.406915 0.066324 0.304559 1.975229 -0.001186 0.001823 -0.001187 0.999997
0.402993 0.171247 0.449477 2.959094 -0.003257 0.002217 0.000451 0.999992
0.400339 0.212251 0.589008 3.948462 -0.007007 0.003606 -0.000678 0.999969
0.409328 0.313279 0.728743 4.933484 -0.010469 0.003974 -0.004313 0.999928
0.407608 0.309091 0.874193 5.922841 -0.012933 0.004454 -0.006146 0.999888
0.414193 0.289971 1.055105 6.906154 -0.013442 0.003161 -0.003965 0.999897
0.406633 0.235649 1.125830 7.902170 -0.017532 0.005096 -0.005537 0.999818
0.399273 0.202740 1.451728 8.847002 -0.013425 0.005082 -0.002350 0.999894
0.399016 0.220386 1.636737 9.829580 -0.013061 0.003369 -0.003022 0.999904
0.401774 0.235368 1.797235 10.816503 -0.012423 0.001325 -0.001943 0.999920
0.399313 0.385490 1.752656 11.804165 -0.016041 -0.005090 -0.000826 0.999858
0.412316 0.410651 1.897599 12.793285 -0.014782 -0.007734 0.001490 0.999860
0.413989 0.133992 2.136693 13.724034 -0.012286 -0.005858 0.001697 0.999906
0.404004 -0.211982 2.438619 14.612371 -0.010712 -0.002056 -0.003289 0.999935
0.407396 -0.399753 2.646713 15.572287 -0.010586 -0.000975 -0.005098 0.999930
0.409308 -0.720783 2.874779 16.491486 -0.011200 0.000731 -0.006378 0.999917
0.338629 -1.014278 3.074043 17.426448 -0.012068 0.001204 -0.007649 0.999897
0.312498 -1.171506 3.216122 18.403736 -0.010117 -0.000026 -0.003803 0.999942
0.246657 -1.222093 3.262684 19.401370 -0.005565 -0.001409 0.003433 0.999978
0.272151 -1.441326 3.287892 20.376717 -0.002186 -0.002553 0.009268 0.999951
0.285079 -1.674239 3.387839 21.344065 -0.001009 -0.006025 0.012636 0.999902
0.406227 -1.745671 3.566396 22.325398 -0.000579 -0.010252 0.015068 0.999834
0.414325 -1.737577 3.759944 23.306455 -0.000739 -0.015320 0.018338 0.999714
0.416929 -1.584390 4.037422 24.254896 -0.001031 -0.021369 0.021932 0.999531
0.416312 -1.783992 4.067950 25.234298 -0.002193 -0.027102 0.022973 0.999366
0.415320 -2.059696 3.871898 24.293260 -0.004863 -0.035361 0.027193 0.998993
0.410581 -2.233534 3.918967 25.276909 -0.006596 -0.043663 0.028335 0.998623
0.418014 -2.263126 4.000366 26.273151 -0.009772 -0.054449 0.030738 0.997995
0.400671 -3.251189 3.953650 26.419943 -0.012279 -0.057632 0.032948 0.997718
0.406104 -4.164421 3.791813 26.793864 -0.015398 -0.059936 0.039107 0.997317
0.412078 -3.996500 4.054244 27.744091 -0.017145 -0.072865 0.048381 0.996020
0.423578 -4.898265 3.896737 28.146598 -0.017623 -0.075838 0.047746 0.995820
0.413886 -5.843015 3.691188 28.401933 -0.016187 -0.079999 0.043210 0.995726
0.412772 -5.236610 3.892396 29.171211 -0.012010 -0.094320 0.039557 0.994683
0.427519 -6.190502 3.612708 29.280140 -0.014027 -0.095527 0.043562 0.994374
0.410647 -6.864324 3.691966 30.014770 -0.015510 -0.099265 0.050987 0.993633
0.425804 -7.499722 3.720083 30.786443 -0.018326 -0.103734 0.058388 0.992721
0.428149 -8.384320 3.707956 31.252638 -0.021996 -0.108030 0.066103 0.991704
0.363837 -9.171465 3.509942 31.836757 -0.026954 -0.111427 0.071492 0.990831
0.324974 -9.204602 3.764437 32.803263 -0.027439 -0.125055 0.077737 0.988719
0.231086 -10.072726 3.558884 33.255046 -0.030514 -0.130522 0.080035 0.987739
0.208507 -9.839119 3.758954 34.206571 -0.030096 -0.144815 0.080695 0.985703
0.187650 -10.159776 3.926186 35.138887 -0.029859 -0.158455 0.085796 0.983178
0.284933 -10.532038 4.097568 36.051054 -0.029838 -0.169303 0.092242 0.980784
0.178479 -10.887068 4.222869 36.977474 -0.030567 -0.182434 0.098858 0.977758
0.151920 -11.150006 4.479530 37.907522 -0.035536 -0.197020 0.111335 0.973409
0.153432 -11.584834 4.639825 38.793654 -0.042284 -0.207168 0.121816 0.969770
0.154039 -11.914147 4.956403 39.683222 -0.044876 -0.221264 0.132103 0.965182
0.131264 -12.661081 4.455244 39.246269 -0.050395 -0.215230 0.130743 0.966459
0.149430 -13.219975 4.687964 40.042184 -0.050779 -0.225837 0.128937 0.964258
0.138828 -13.681234 4.909205 40.901423 -0.052951 -0.236876 0.127949 0.961621
0.141126 -14.155659 5.066444 41.767562 -0.052028 -0.248557 0.131312 0.958264
0.138633 -14.698442 5.349594 42.558266 -0.048091 -0.258088 0.143230 0.954234
0.133447 -14.797486 5.754281 43.467342 -0.043610 -0.269135 0.154620 0.949609
0.136455 -15.310063 6.068467 44.266436 -0.043722 -0.281307 0.159975 0.945179
0.132116 -15.980578 6.103164 45.007520 -0.043587 -0.293117 0.159139 0.941731
0.126300 -16.566423 6.084072 45.817719 -0.041012 -0.304163 0.158578 0.938433
0.139414 -17.217391 6.154154 46.573582 -0.038900 -0.314619 0.161245 0.934613
0.176362 -17.929096 6.179700 47.275596 -0.037687 -0.324057 0.164515 0.930861
0.140221 -18.556046 5.520765 46.859978 -0.045960 -0.317301 0.161376 0.933362
0.128558 -19.056560 5.581650 47.723563 -0.045380 -0.328266 0.163308 0.929254
0.144938 -19.614873 5.687907 48.546361 -0.044726 -0.339028 0.164319 0.925235
0.152418 -20.224450 4.958621 48.235625 -0.056550 -0.333194 0.161972 0.927119
0.154130 -20.915778 5.137916 48.935567 -0.055848 -0.342915 0.168236 0.922490
0.164987 -21.478191 4.363102 48.646853 -0.072779 -0.334605 0.162047 0.925464
0.156007 -22.111371 4.568733 49.393042 -0.075563 -0.343904 0.162500 0.921745
0.185449 -22.830377 4.682678 50.078641 -0.074743 -0.350657 0.160743 0.919573
0.162012 -23.532881 4.803560 50.779980 -0.072798 -0.354769 0.160527 0.918189
0.158402 -24.201467 5.013104 51.493481 -0.071997 -0.356791 0.162699 0.917086
0.165083 -24.911944 5.193341 52.173729 -0.072730 -0.358040 0.163616 0.916377
0.203751 -25.586319 5.426352 52.874389 -0.074081 -0.359453 0.161534 0.916085
0.222340 -26.247356 5.637986 53.594279 -0.074000 -0.359952 0.158560 0.916415
0.199831 -26.957936 5.820980 54.273682 -0.075215 -0.359714 0.157642 0.916568
0.346290 -27.645379 6.076563 54.953461 -0.077256 -0.359125 0.157837 0.916596
0.266279 -28.300633 6.325166 55.666791 -0.077543 -0.357621 0.155122 0.917623
0.306405 -29.007417 6.548803 56.337941 -0.078706 -0.355528 0.155004 0.918356
0.330232 -29.714700 6.749590 57.015758 -0.079277 -0.353967 0.153833 0.919107
0.400426 -30.368082 6.919152 57.753552 -0.079500 -0.353762 0.151662 0.919527
0.223615 -31.020738 7.189763 58.461231 -0.078747 -0.353893 0.150750 0.919692
0.247394 -31.714455 7.374227 59.157457 -0.078619 -0.354104 0.149473 0.919830
0.412305 -32.394319 7.616270 59.849700 -0.079550 -0.353668 0.148466 0.920081
0.422777 -33.040014 7.841407 60.579351 -0.080619 -0.352909 0.148270 0.920311
0.419813 -33.712728 8.059020 61.286528 -0.082316 -0.351745 0.149698 0.920375
0.348337 -34.358225 8.277660 62.018328 -0.083208 -0.351621 0.147874 0.920637
0.376394 -34.997151 8.542812 62.740456 -0.084109 -0.351668 0.148589 0.920422
0.379117 -35.642482 8.779477 63.466773 -0.085448 -0.350569 0.149242 0.920612
0.403168 -36.342558 8.980300 64.152020 -0.085706 -0.349746 0.151177 0.920586
0.395724 -37.001287 9.216370 64.866406 -0.084849 -0.348988 0.152654 0.920709
0.436100 -37.675439 9.370537 65.588730 -0.083655 -0.349328 0.147818 0.921478
0.347177 -38.328899 9.606016 66.308132 -0.084627 -0.350076 0.143481 0.921791
0.316120 -38.948275 9.924811 67.025588 -0.085239 -0.351340 0.139803 0.921819
0.371623 -39.599053 10.170439 67.744027 -0.083565 -0.350660 0.138790 0.922384
0.431114 -40.223058 10.456885 68.471053 -0.079544 -0.349385 0.139393 0.923132
0.420556 -40.908449 10.652034 69.172592 -0.076159 -0.347692 0.141656 0.923712
0.421561 -41.518207 10.913560 69.920789 -0.076161 -0.347496 0.143726 0.923466
0.022997 0.000000 0.000000 0.000000 -0.000000 0.000000 -0.000000 1.000000
0.629044 0.064439 0.168646 0.983568 0.000334 0.000427 -0.000707 1.000000
0.322534 0.131735 0.314634 1.970563 -0.001293 0.000661 -0.000715 0.999999
0.305427 0.198070 0.455381 2.958384 -0.003819 0.002045 -0.001174 0.999990
0.302299 0.271129 0.590851 3.946468 -0.007280 0.002427 -0.001918 0.999969
0.318952 0.339873 0.764234 4.928920 -0.009498 0.002922 -0.002709 0.999947
0.328686 0.370840 0.963275 5.908422 -0.010418 0.002126 -0.002848 0.999939
0.327282 0.408676 1.149173 6.890262 -0.010993 0.001154 -0.002457 0.999936
0.406964 0.464931 1.309021 7.875800 -0.012753 0.000228 -0.002057 0.999917
0.466440 0.516318 1.490852 8.857786 -0.014022 -0.001055 -0.002479 0.999898
0.416477 0.571232 1.628445 9.846751 -0.014044 -0.003966 -0.000866 0.999893
0.430655 0.645122 1.809327 10.827476 -0.013332 -0.007530 0.001075 0.999882
0.403397 0.255383 1.957571 11.736392 -0.014404 -0.000241 -0.001886 0.999894
0.582378 -0.010963 2.217454 12.664573 -0.011147 0.003794 -0.002364 0.999928
0.394830 -0.285562 2.428990 13.602576 -0.009825 0.008091 -0.005465 0.999904
0.389578 -0.564556 2.609521 14.545746 -0.009670 0.010878 -0.008211 0.999860
0.354475 -0.793393 2.854036 15.488002 -0.009335 0.012186 -0.009624 0.999836
0.329424 -1.057086 3.093698 16.422362 -0.009716 0.013854 -0.011168 0.999794
0.324051 -1.340219 3.240511 17.370139 -0.010461 0.014062 -0.011270 0.999783
0.306977 -1.559172 3.337258 18.341066 -0.009370 0.013704 -0.008155 0.999829
0.315313 -1.745441 3.386168 19.322347 -0.004729 0.012983 -0.000908 0.999904
0.319102 -1.765540 3.422943 20.321468 -0.000769 0.011262 0.005537 0.999921
0.317977 -1.966697 3.622010 21.280587 0.000852 0.007540 0.009052 0.999930
0.309085 -1.874657 3.826082 22.255206 0.001368 0.003055 0.011030 0.999934
0.323340 -1.979404 3.562885 21.296168 0.001708 -0.001256 0.013222 0.999910
0.297386 -2.074797 3.664498 22.286407 0.001575 -0.006302 0.015556 0.999858
0.315089 -2.063298 3.748458 23.282810 0.000587 -0.011446 0.016462 0.999799
