1.0 0.0 0.0 0.0 0.0 1.0 0.0 0.0 0.0 0.0 1.0 0.0
0.999940263391522 -0.002043273795851547 0.010737536062252542 0.014801248954880265 0.0020270118148467647 0.9999967825451509 0.001525163089555276 -0.017600171507251846 -0.010740617840490326 -0.0015033068690244109 0.9999411878689978 0.9997355435275328
0.9999085659572268 -0.000753569022024358 0.013501550247681746 0.05434104291173664 0.0006808016884132122 0.9999852240886355 0.00539333973189237 -0.2938472778349185 -0.013505415003719287 -0.005383654718831768 0.9998943044279459 1.960008494796827
0.9999302920220582 -0.0025098687725884864 0.011537402455753585 0.2557480626968086 0.002447800924310077 0.9999824742441096 0.005390684118297493 -0.4041330801291579 -0.011550730163786195 -0.005362067080212824 0.9999189111469544 2.933287619299974
0.9992473766140454 -0.00555997752030061 0.03838967282906193 -0.47539788865988863 0.005834404204725489 0.9999581973280445 -0.007040122443773267 -0.17516382706623654 -0.038348925115634945 0.007258804751554053 0.9992380445599809 3.5759373520210875
0.9995433498509181 -0.009396134526195084 0.028719408503151654 -0.3234151397928937 0.00968149039670251 0.999904980981583 -0.00981314179651258 -0.166564392714405 -0.028624474012701816 0.010086707301470522 0.9995393428091316 4.564283087973674
0.9998650593616887 -0.011731770487150928 0.011499070783496573 -0.045706559743735886 0.011873753360907615 0.9998531382158192 -0.012357830760358143 -0.14803320918815507 -0.011352402775245707 0.012492700317150125 0.9998575175443821 5.524769704124153
0.999949555251209 -0.009800299382205441 -0.0022002465608128444 -0.18374095199030374 0.009769812995048187 0.9998616319399707 -0.013463570417229053 -0.11985572056469145 0.0023318891378064266 0.013441395253359462 0.9999069412633816 6.514796236946378
0.9996618554507474 -0.005743840890695634 -0.025361053775244304 -0.16542206874573584 0.005412380811345071 0.999899293842261 -0.013119005591119767 -0.14493130517937647 0.02543385324172149 0.012977305790078952 0.9995922712004675 7.514313937426416
0.9990166505413959 -0.001963413605215782 -0.04429308013747098 -0.2842683053671089 0.0013319558289717492 0.9998971289845597 -0.014281363453913832 -0.18641154248131625 0.04431656388664625 0.014208323456621121 0.9989164958643102 8.50635978412621
0.9979912901948521 -0.0015205228402241351 -0.06333303013046186 -0.497838389739808 0.00038808525238089313 0.9998399011401504 -0.017889144135188818 -0.10235650521630824 0.06335009143679635 0.01782863142097651 0.9978321030196432 9.479664756769122
0.9966717439331023 -0.0030149254531581546 -0.08146376537982615 -0.5985422014081254 0.001616826984902976 0.9998503705000513 -0.017222731531588042 -0.1311670226584287 0.08150350124901551 0.01703369705672154 0.9965274870512759 10.474163975672882
0.9951584812432339 -0.005709221210329925 -0.09811728697243156 -0.8270097467125632 0.004273763415322986 0.9998808370279177 -0.014833970831109483 -0.21033035269352915 0.09819028544580535 0.014342821811619754 0.9950642950616562 11.44449162544914
0.9934738190824659 -0.003711191205504906 -0.1139999906032229 -1.0863915646198972 0.0020818149131751136 0.9998940249169082 -0.01440850381304759 -0.2617164934566619 0.11404138215738142 0.01407714442987305 0.9933762616251377 12.40889845717347
0.9917329340464276 -0.004133322078598547 -0.12825249773886477 -1.272450791686937 0.002498484535084406 0.9999136018110785 -0.012905289156847763 -0.2824803243053728 0.12829475867193788 0.012478163398051662 0.9916575771583255 13.39121756385505
0.9901088100089313 -0.003490743894398085 -0.14025818710421617 -1.5881187872441551 0.00194133981394764 0.9999355938183223 -0.011182102437529812 -0.34278774962334163 0.1402881874657457 0.010799209334962798 0.9900518176011368 14.338168846145964
0.989129211657388 -0.004589815331645624 -0.14697733240624175 -1.8317008346320742 0.0028225081258429173 0.9999212192048486 -0.012230651322229894 -0.36010416502699666 0.14702188984608 0.011682849785382046 0.9890642420626572 15.30789454341704
0.9877255960744663 -0.0065639037627565604 -0.1560610842802688 -1.9601056525456275 0.004453923553222444 0.9998939417637739 -0.013866066099716185 -0.42497808883448274 0.15613554824037285 0.013000784264532526 0.9876500747654426 16.297492227704147
0.9869283593218041 -0.004644938698231782 -0.16109263828884568 -2.1413557911433228 0.0022159016003818646 0.9998811819789253 -0.015254891167139338 -0.4710103021515728 0.16114435561467386 0.014698519276223228 0.9868213871743037 17.2798513385162
0.9861779626844909 -0.00346294396463717 -0.165653354733806 -2.411480833996901 0.0008570330127545335 0.9998748048773255 -0.015800002086742534 -0.5234002874037142 0.1656873302636065 0.015439643474633715 0.9860574658707747 18.24125018949774
0.9848112385462794 -0.006087119858439319 -0.17352167416426972 -2.6059132248143304 0.002901034527150211 0.9998226284063824 -0.018609022683145276 -0.554680799046799 0.17360417169991688 0.017822982308764355 0.9846542199523682 19.22166723085941
0.9835933682404983 -0.007882450278555064 -0.18022750325884515 -2.8438017962965048 0.004390054472340659 0.9997949482931807 -0.0197683785162628 -0.6095414689954974 0.18034637056242847 0.018652837452743428 0.9834262851276248 20.19140912149369
0.9822163059938631 -0.01651735689172452 -0.1870248784549264 -3.169695978346067 0.012994301850088031 0.9997145772623656 -0.020047746221326337 -0.6436630996483373 0.1873026330813248 0.017260965512894057 0.9821505906480762 21.136199413795552
0.9800281943666692 -0.015561824231982534 -0.19824875251304183 -3.294169567037337 0.011009819128365466 0.999650303403508 -0.024042769974170354 -0.6586936786339596 0.1985535749594177 0.02137990953776649 0.9798568147127374 22.12830848411679
0.9788513823540631 -0.01146691798500263 -0.20425102461300662 -3.6104553817713905 0.006202147139591361 0.9996322844678026 -0.026397523000023522 -0.7383297735110599 0.20447861657003813 0.024572456971233843 0.9785625630096423 23.073623974199727
0.9769879724114904 -0.013310239486354595 -0.21287869618188393 -3.97903608769621 0.006992584824204326 0.9995132709710942 -0.030402712216772477 -0.7204325419176717 0.2131797493214574 0.02821451182415647 0.9766055169830681 24.003047425765942
0.9753967934777461 -0.01642341894546152 -0.21984395962470998 -4.368665965216234 0.009781620248756657 0.9994632343522676 -0.03126600523586065 -0.8041678333950283 0.220239449642062 0.02834633112488463 0.975033881633413 24.920204424051914
0.9727987589794781 -0.016834049688870735 -0.23103936742264988 -4.46729720104686 0.00926266805222094 0.999385128158163 -0.03381669109836332 -0.8791436662593332 0.23146657967952963 0.030756794165848676 0.9723565406290532 25.91249999685511
0.9718113271657521 -0.015414318106609242 -0.23525548492999465 -4.798556919158463 0.007565197958518715 0.9993853335276199 -0.034230438351439005 -0.9889555839895591 0.2356385201366431 0.03148577340945403 0.9713305996933387 26.849627705271114
0.9702306427388139 -0.013226891286319402 -0.24182131675583915 -5.196184809064725 0.004429974554569106 0.9993096849341909 -0.03688534834006789 -1.0887560035543777 0.24214226235020234 0.034716032947646434 0.9696194727006585 27.761730735319464
0.9684050655988532 -0.011792555645438199 -0.24910352176119463 -5.416872623982964 0.0017410757194415976 0.9991767049681587 -0.04053246728620081 -1.1984464620853836 0.24937641744523534 0.03881813854780905 0.9676283142518424 28.730887529472955
0.9672563901277806 -0.011830448108445605 -0.25352537595776825 -5.802345475375424 -0.00022852647335008808 0.9988720197249507 -0.047483007342034825 -1.2802035891993948 0.25380114958885736 0.04598617953413813 0.9661626404282189 29.649977543021915
0.9572725226360952 -0.01154424484825043 -0.28895682690812274 -5.306897367850393 -0.005887039807969503 0.9982179028100986 -0.05938317330441777 -1.2532982019928705 0.28912741165138034 0.0585469804540477 0.9554986085345627 30.518198294265016
0.9561054922322234 -0.012148694578826865 -0.29277072419114736 -5.634294020142442 -0.008188626856638521 0.9976422000103743 -0.0681394683620121 -1.3320694987123667 0.2929082349705816 0.06754591015365137 0.9537517055858575 31.459796146259745
0.9554867734910599 -0.010296921957454335 -0.29485419970189813 -6.096114398406882 -0.012442353384555368 0.9970953216506474 -0.07514058413826931 -1.443261711299438 0.29477145982251896 0.07546451444611839 0.9525832738052413 32.33977241303043
0.9540590000859149 -0.008845496581678533 -0.29948819934229204 -6.442786623534042 -0.016957833210186006 0.9963677096337914 -0.08344950024968768 -1.4920414631145424 0.2991385235102307 0.08469441769875058 0.9504435803154164 33.276489501664045
0.9524073325017293 -0.005002640838853487 -0.3047872152528359 -6.761109155666506 -0.02355187276713622 0.9956688540703295 -0.08993799154657568 -1.6175823459413359 0.30391706481555464 0.09283591233412056 0.9481644957996412 34.21612254294976
0.9518380656269059 -0.002779181362123838 -0.30658860542196825 -7.19112743070532 -0.027563807324070162 0.9951341141749385 -0.0945956200416064 -1.7540060768031984 0.3053596786568797 0.09849046124478529 0.9471299254560355 35.10857581835995
0.9506707503695861 -0.0009705713222839658 -0.31020022950190923 -7.581873678526968 -0.031459157349475186 0.994537663791116 -0.09952465382890859 -1.8759416555797888 0.30860240733116473 0.10437381516554406 0.9454473337511706 36.020962295923994
0.9492075019737671 0.004004720964568027 -0.3146253015997246 -7.950437376506537 -0.03790151009582818 0.9940935161869883 -0.10169344426972672 -2.023840320034857 0.31235971848043714 0.10845295424735897 0.943752808200241 36.93872413081583
0.9474548565190586 0.004903438362954609 -0.3198519206612201 -8.339760915557891 -0.039773421485932235 0.9939294633320114 -0.10257824751786464 -2.127540816634582 0.3174072617344371 0.1099098640375568 0.9418983235920376 37.85396911930006
0.9452651494694202 0.0040986707381075165 -0.32627748634672366 -8.699943266286988 -0.039436633567275524 0.9940263952754876 -0.1017657969481622 -2.22336349812706 0.32391132911869075 0.10906294693338488 0.939780146882646 38.78191668674924
0.9434574600727431 0.005116320212869741 -0.33145413604384066 -9.088270257306533 -0.040571494357705164 0.9941460465408785 -0.1001378649298932 -2.352545632399908 0.3290014815751939 0.10792340531420329 0.9381420807674669 39.69433880629173
0.9404565161879377 -0.0022083652184210303 -0.3399068464781347 -9.413787943802694 -0.033247993360128736 0.9945861767682228 -0.09845256684864774 -2.4035253179623375 0.3382840701203257 0.1038915786030047 0.9352916271400065 40.63849944275046
0.9380905994469259 -0.00012401909677409078 -0.34638997076787864 -9.836772002274962 -0.03506026401113574 0.9948303988707154 -0.09530611402316139 -2.530905877325023 0.3446110925620039 0.10155029346087391 0.9332366970823806 41.53563860663462
0.9344815458276224 -0.0019818981255838005 -0.3560060569533024 -10.21297099811104 -0.03240820863696553 0.9953590332116439 -0.09060961878805918 -2.595540097562479 0.354533423700166 0.09621053520168121 0.9300804182411558 42.45992034566565
0.9318271171764005 -0.0010505485163005495 -0.3629009782882027 -10.653702025343707 -0.03192204460330723 0.9958822755018318 -0.08484972840045349 -2.6755007909258883 0.3614957907957773 0.09064981902409298 0.927956574171353 43.35399106387047
0.9284545283924841 0.0010802064446316748 -0.37144450710910887 -11.078488014109693 -0.033850467873466725 0.9960807087916191 -0.08171516014745478 -2.7226023825138363 0.3699004386753815 0.08844238083189225 0.9248522102155273 44.25805870725673
0.9238138958132052 -0.0030396078273728982 -0.38282978813917623 -11.408895707574928 -0.02971599372285016 0.996382315482121 -0.07961935136348325 -2.7772077806830375 0.38168684234525924 0.08492963074648185 0.9203815036178045 45.200316106585475
0.9198274682225805 0.0022145603767722787 -0.39231686737327154 -11.703365952335517 -0.0361206880533702 0.9962148289292903 -0.07906522950025281 -2.941699083405642 0.39065678619190924 0.08689712506011844 0.9164257553443672 46.14171394293271
0.9154382665458206 0.005624458791216353 -0.4024191168506928 -12.069563955850429 -0.04088145273042349 0.9960298429631815 -0.07907754895911437 -3.045748671861408 0.40037668134674914 0.08884209244517254 0.9120337689163303 47.06641535710048
0.9109356620818835 0.005457497466719835 -0.4125123455956727 -12.523948423237515 -0.04170062649507612 0.9960092635440251 -0.07890883780919374 -3.0907342141756047 0.41043547275712117 0.08908289766212099 0.9075279389896255 47.956084428598444
0.907615647037349 0.00044086754503805116 -0.41980190910569304 -12.96701570484279 -0.03548622150016287 0.9965008865346922 -0.0756750369620317 -3.1553500297833317 0.41829961192501547 0.08358103116958364 0.904455441628834 48.85024111528387
0.9040675236210203 0.003430722768113765 -0.42737588008104377 -13.392491739103281 -0.03778093670053116 0.9966945501379174 -0.07192061281298541 -3.2587399829198174 0.42571647085330067 0.08116775139581589 0.901208789669495 49.74928542000995
0.8993309303995793 0.011498917255222122 -0.4371174356263852 -13.688293057800063 -0.04507260421378939 0.9967670980399063 -0.06651174794335758 -3.3979636201385235 0.4349394647258593 0.0795180933313361 0.8969417678182519 50.69433481485491
0.8952899034417119 0.020329814576806503 -0.4450198730782769 -14.104138353222892 -0.0544709341476183 0.9964581291895105 -0.06406336008372049 -3.5431587404665645 0.4421412739480666 0.08159592766433335 0.8932262862568345 51.59210486743387
0.892479547092995 0.019201709143393652 -0.450678990398552 -14.581879032573884 -0.05189756585067008 0.9968301546623419 -0.06030162033160147 -3.630192340040176 0.4480925135275766 0.0772071053842431 0.890647046926404 52.46628390849955
0.8898228467354808 0.017279493233870707 -0.45597885975245406 -15.086506659985933 -0.050108480108701406 0.9969395806722363 -0.06000510570152491 -3.6676751947975936 0.453546515419052 0.0762423215978892 0.8879654648400462 53.328806947758046
0.887716508182936 0.028213711504156618 -0.4595251762228702 -15.605494540406358 -0.06286825763453657 0.996199397689455 -0.060285505929305955 -3.7900478787140166 0.4560778259041958 0.08240598598594022 0.886116397654499 54.17478360595128
0.8855633455828159 0.030291368886292136 -0.46352992776213364 -16.141656189141447 -0.0653951727869217 0.9960633399169156 -0.059843915728458257 -3.8673247412476113 0.4598924138712701 0.08330819794318363 0.8840580930114914 55.01535422936293
0.8822050572708857 0.029081117383719587 -0.4699665153363494 -16.460859311577163 -0.06506605096932928 0.9960449331097027 -0.06050537362690949 -3.947651118279376 0.4663482024592076 0.08395701184647669 0.8806080707243579 55.959630163494595
0.8792687878133235 0.02519706834749738 -0.475659023381228 -16.867027412206692 -0.06200262410815332 0.9961581103791382 -0.06184410828490679 -3.981455444473286 0.47227330369288895 0.08386970175542324 0.877453018540856 56.87280306145071
0.8769865631253366 0.02437349213603653 -0.47989634399389636 -17.302779441151866 -0.06234502735574971 0.9960424649156607 -0.06334434188412501 -4.026947170976307 0.47645321455692274 0.0854712873766185 0.8750354240672531 57.771719449158674
0.8756296484364945 0.02248107141804877 -0.48245965655884737 -17.745311048503307 -0.060180058070768434 0.996209933516476 -0.0628023007037542 -4.079199674337181 0.4792192393775357 0.08402600663474544 0.8736638660374096 58.66694872280173
0.8714231054796869 0.028473800167740575 -0.48970502748098255 -17.952159720716445 -0.06640792007912794 0.9959711599349167 -0.06026140330798392 -4.238628988812536 0.48601621309057863 0.08503347153851122 0.8698031670045825 59.63224449120102
0.8703913242780028 0.023363234477194586 -0.4918059595982465 -18.408819575812664 -0.06093872583313845 0.9963051323135614 -0.06051904674956963 -4.260357889388883 0.4885748809705861 0.08264528177946107 0.8685990692397558 60.521620469976725
0.8680282701256241 0.020384439105384074 -0.49609615691424125 -18.770512657602367 -0.05825335659360193 0.9964374259569765 -0.06098362565311698 -4.333040125622345 0.4930856606192271 0.0818347774151044 0.8661233171420336 61.45108020935309
0.8652005261082808 0.014475862761959647 -0.5012170178867187 -19.149661680079937 -0.05166584874125345 0.9968365081526404 -0.0603954972484086 -4.407708384965209 0.4987571450072716 0.0781500186265714 0.8632113790334677 62.37339830513187
0.8642226231465521 0.01497581927219636 -0.5028866497321471 -19.684728419802784 -0.0515873675645779 0.9969261564383666 -0.058965940311064134 -4.471605953710328 0.5004577915763266 0.07690229805498201 0.8623387010939539 63.215788170188915
0.859382292347128 0.01951693727231674 -0.5109610207830999 -20.075837042775472 -0.056737568782014566 0.996740338815155 -0.05735455751151276 -4.5536638347572955 0.5081760756754546 0.07828017717240837 0.8576883408167266 64.13246725754418
0.8565676434105842 0.01741412868559868 -0.5157408461467476 -20.615272544771262 -0.05270560476743353 0.9971561999138384 -0.05386680053129046 -4.599847390756738 0.5133361388877089 0.07332299158858727 0.8550495584563256 64.9732266870731
0.8539166181675774 0.016524046503139996 -0.5201474455425252 -21.238864542085622 -0.05118980205938213 0.997315695224597 -0.052354638990117976 -4.62864008399884 0.5178861007812177 0.07133274105084102 0.8524703083813526 65.75444624756896
0.8501951762234432 0.015706604809063662 -0.5262332799165823 -21.858584284305724 -0.05225913808514249 0.9971360196459785 -0.05466937727062665 -4.703980609904061 0.5238674878373254 0.07398013848278441 0.8485810475712241 66.53564484348358
0.8447630486712631 0.017323608976167765 -0.5348600603631539 -22.40933626257412 -0.05727632994553261 0.9966615742110829 -0.05818185730142763 -4.805447105639368 0.5320665499987817 0.07978470444335782 0.842935102667624 67.36412345435815
0.8382125425393141 0.01543126735686431 -0.5451253154253084 -22.91653992410714 -0.05515979015601005 0.9968721793563216 -0.056597310672065686 -4.85758313691121 0.5425468929776722 0.07750957368690829 0.8364419495142182 68.2243712558495
0.83377565995069 0.019318945071156328 -0.5517652827381675 -23.55858139496917 -0.05673579347448194 0.9970948405250329 -0.050822521948122756 -4.910210476213101 0.5491804790891734 0.07367942290547584 0.8324494843698933 68.98923275497945
0.8290311099990838 0.026667117811914314 -0.5585662749229435 -24.162086554064928 -0.06302172257176754 0.9969542067100498 -0.04594096436961455 -4.995399256521009 0.5556398844015573 0.07328829750190893 0.8281866603076233 69.78202805936417
0.8249373402910901 0.02388806943930565 -0.5647191733347879 -24.753405045874242 -0.06134939052229481 0.996988060963291 -0.04744532199476894 -5.025511793314533 0.5618848964654659 0.07378459483596227 0.8239181978138876 70.58790377954205
0.8227622209731226 0.020608103370277613 -0.5680120014707926 -25.416755928876416 -0.059922355882254245 0.9969183151025731 -0.05062790019894401 -5.088764553066807 0.5652182224635872 0.0756913409084128 0.8214616131667921 71.33353418021248
0.8202652597850346 0.018449612665695527 -0.5716856788325876 -26.03008601657825 -0.06217898612371001 0.9964326940183694 -0.057058390933403945 -5.137096378055428 0.5685935958788308 0.0823498517531599 0.8184863008272114 72.12188070187217
0.8175277164325874 0.017495887972417225 -0.5756234244439471 -26.667497384318974 -0.06191720576244623 0.9964148237104851 -0.05765204871087522 -5.195365734197819 0.5725510392053199 0.08277314174324266 0.8156800319432003 72.89019797384361
0.8141260217397299 0.020885350315250194 -0.5803125217229514 -27.23289879238771 -0.06430157689675416 0.9964495389635315 -0.054347249313496965 -5.274523137045517 0.5771170833850212 0.08156052011581302 0.812578459980083 73.71120671516631
0.8098277296948251 0.025737949324012174 -0.5861028972645675 -27.736160556915358 -0.06775451208463099 0.9964553989076641 -0.04985944323725208 -5.353958627570635 0.5827421164713434 0.08008867555622179 0.8087010756380559 74.5716819322467
0.8068012535967591 0.028837302327321745 -0.590118756852534 -28.319737430494897 -0.0700877421560671 0.9964268264414604 -0.047130541554846556 -5.3980886577323846 0.5866510424384869 0.07938507128088369 0.8059395541004081 75.38253985633763
0.8048680025255676 0.028127961588085813 -0.5927869063056311 -28.973940907126977 -0.06913066918443429 0.9965196505797875 -0.046578284494383206 -5.466441328310883 0.5894136485428675 0.07846912631874159 0.8040112854470122 76.13576341119189
0.8020591439690361 0.02643963494376452 -0.5966590946928542 -29.6726470879033 -0.06791700208857493 0.9965768643592573 -0.04713633684494757 -5.51016013958517 0.5933703821416747 0.07832942696011752 0.8011092874690324 76.84983507320189
0.7983652431490922 0.02041777961979997 -0.6018272616016054 -30.31760513488433 -0.06291411894130908 0.9967835344085191 -0.049642715174419545 -5.5323607193177775 0.5988779109044927 0.07749645028933339 0.7970818954305897 77.61373051885786
0.7898918578381443 0.022265522105435243 -0.6128418225336582 -30.76364870945747 -0.06575764303247202 0.9966540602174224 -0.048544995982382814 -5.668260130931597 0.6097104110180658 0.07864433086680868 0.7887130555016139 78.49836404722146
0.7850807610397684 0.019793518497547815 -0.6190770673112544 -31.432517599416414 -0.06248596121225478 0.9969211869040793 -0.04736720123811378 -5.710160757445843 0.616233481155153 0.07587070401175064 0.783900461140419 79.24056263624114
0.7813540260897743 0.020838245952008377 -0.6237400527615189 -32.11768994933785 -0.06243724429219848 0.9970381782345873 -0.04490502942701458 -5.789882444293149 0.6209569038496122 0.07403133558357823 0.7803408773819386 79.96456768011124
0.7760794115828844 0.01786648049465234 -0.630382055417107 -32.763237630104385 -0.060874966336496264 0.997052988191557 -0.046685942336067585 -5.8364759323945465 0.6276901985778446 0.07460648506001628 0.7748799177913273 80.72686502283486
0.7711578528097756 0.01786783212327283 -0.6363932012718467 -33.412964619182695 -0.061710976549082974 0.9969968711127827 -0.04678669003755284 -5.9120288853287875 0.6336460537422876 0.07535236934911929 0.7699446077545439 81.48326874504023
0.7665500346542512 0.01675510055836397 -0.6419659733793086 -34.07252158966395 -0.06166449725854889 0.9969607149239794 -0.047611161255625305 -5.969095452676464 0.6392171259825682 0.0760828463159601 0.7652534654263552 82.23275390805598
0.7633425116884957 0.014781903379696225 -0.6458248254608753 -34.74842773339137 -0.05973508853743755 0.9970699377134306 -0.047783454307441874 -6.0229307280769255 0.6432261880913436 0.07505354515677715 0.7619888688904037 82.96777271597459
0.7588589855898464 0.01676355775578985 -0.6510391870854743 -35.318738758679295 -0.06315805354551343 0.996850973755716 -0.047949936335873106 -6.1573159783923295 0.6481852360721341 0.07750560788511188 0.7575280724068705 83.77813432595664
0.752459351456221 0.013611892936869196 -0.6584980188100465 -36.002002678647685 -0.05893738937128994 0.997167116882665 -0.04673462465882844 -6.202378676878026 0.6559964241824625 0.07397605949616477 0.7511299714971044 84.50691396952156
0.7452675717915069 0.004076110225112423 -0.6667530515576375 -36.732496974026986 -0.04664752149696217 0.9978498361774445 -0.04604034294863557 -6.169914157939688 0.6651317577549417 0.06541475189948001 0.7438552648598712 85.18906068352699
0.7388030359532756 0.005141112827524903 -0.6739018051801876 -37.40371119286126 -0.04864975949219825 0.9977688057607572 -0.04572320146373951 -6.24621454389506 0.6721631312170959 0.06656560079829053 0.7374047367781074 85.92638674677022
0.7313156702646836 0.00703266334271748 -0.6820028827443637 -38.068488234034454 -0.05263139365509358 0.9975470269290434 -0.046150465511619145 -6.351665389896953 0.6800053873516264 0.06964532081428683 0.7298919114919946 86.6659485120113
0.721621615184381 -0.0019382468624405999 -0.6922849757851045 -38.71000471816288 -0.0442934765440613 0.9978179190853063 -0.04896415309081236 -6.318286924791981 0.6908692585680168 0.06599729957627354 0.7199611267383235 87.43233123536741
0.7085661140295471 0.0016127648680057472 -0.7056425873192069 -39.153348584344954 -0.05027575663854433 0.9975714086147038 -0.04820407668328779 -6.428492536943857 0.7038511279691776 0.06963249028971492 0.7069263794431261 88.32188221162957
0.7026689393624301 -0.0008080122652272141 -0.7115164852422281 -39.89061787548388 -0.046469146384320356 0.9978122667480368 -0.047024448550176595 -6.4695354145195205 0.7099978732993394 0.06610618309443643 0.701094139518437 88.99623336239881
0.6973472532698483 -0.0005728187073776739 -0.7167332001768324 -40.59543234644141 -0.04725629554988576 0.9977869959249708 -0.04677556299944666 -6.531662612583789 0.7151738606016682 0.06648896631578945 0.6957769516665243 89.70289931798854
0.6925071115525389 -0.004196622722872661 -0.721398841700538 -41.374696255312244 -0.04274653914347648 0.9979873396024301 -0.04684018984280613 -6.573235720185656 0.7201434814260343 0.06327446839742884 0.6909339388165928 90.32821478801601
0.6871990547287582 -0.004931519383879138 -0.7264524342972937 -42.07681290407472 -0.04476971425278538 0.9977888031744763 -0.049124097399970326 -6.655047834203681 0.7250883614192266 0.06628110119939742 0.6854587396467956 91.03556123038386
0.6834369130750328 -0.007865417590174891 -0.7299672054637786 -42.82862789541792 -0.04312318308416732 0.9977607912001042 -0.051125283612154376 -6.706899609434683 0.7287347781786959 0.06641941545863302 0.681567373282332 91.69289342356858
0.6792236311882499 -0.006429844979471458 -0.733903206103492 -43.56219509679933 -0.04596711700145827 0.9976257363421479 -0.05128269047497934 -6.7883073642214535 0.7324904661427457 0.06856782978422848 0.6773154137686975 92.36761702514038
0.6760735833384662 -0.002586570653792229 -0.7368295729435234 -44.34486062583949 -0.049325051459428226 0.9975918581488664 -0.04875985904007304 -6.881900016430455 0.7351813036322431 0.06930940922657386 0.6743179195173863 92.9829828391931
0.671658040614689 -0.0046649253574768575 -0.7408466203938855 -45.14100128817622 -0.04647719446589511 0.9977451844535237 -0.048419183123789046 -6.911693632998642 0.7394020197918107 0.06695360611054049 0.6699267629797918 93.58736052424263
0.6642752223775615 -0.006480720249513739 -0.747459985016111 -45.834924503336076 -0.04623692846282038 0.9976912982100938 -0.04974153116032151 -6.968671274912599 0.7460566837590551 0.06760232052893843 0.6624419603841085 94.30515166363078
0.6599156616579537 -0.010260052858787025 -0.7512696259092844 -46.62187302776989 -0.041156400274386655 0.9979118590938869 -0.049780239013367984 -7.011770892223786 0.7502116169555052 0.06377031280391439 0.6581153979279739 94.92066319307526
0.654647946829859 -0.012573725612089852 -0.7558293240776506 -47.407538937189095 -0.03777560148504098 0.9980682970584792 -0.0493221891162785 -7.0493795245160165 0.7549894500215798 0.0608405771751965 0.6529083814174081 95.53817001048992
0.6472699278442873 -0.012693085479303982 -0.7621551850440054 -48.081327138933425 -0.037346977388138594 0.9981324562398254 -0.04834049110853684 -7.127372424052834 0.7613454168696459 0.0597535386538767 0.6455870745530174 96.27296696667032
0.6438834346879891 -0.016744033531714164 -0.7649403636071785 -48.88125879247856 -0.032423070743033126 0.9982653375033554 -0.04914326426781036 -7.168479832441832 0.7644363067110197 0.05644424931197992 0.6422236212579083 96.87164846014753
0.6387918903707176 -0.022535040216930785 -0.769049473544467 -49.662558498637196 -0.027227504114974578 0.998282712812491 -0.05186798935175839 -7.230714119428779 0.7688976419630038 0.0540721486732945 0.6370813283416674 97.49269408059715
0.6355761019403723 -0.025371227640444895 -0.7716212279676428 -50.47651390090508 -0.024622772450786378 0.9982852897459789 -0.0531055491791237 -7.310741930617071 0.771645474113022 0.05275207185312046 0.6338615631161822 98.06808277752761
0.6236166671553827 -0.026853102919374768 -0.7812689442884623 -51.15102767854863 -0.021207072763267637 0.9984608727095866 -0.05124593381739563 -7.430244556313478 0.7814425842701548 0.048526245801682986 0.6220873660166821 98.79660888290799
0.5776803999399038 -0.031302768300035116 -0.8156626093073173 -51.260323611332375 -0.020308147746064514 0.9984039350484546 -0.05269878191076648 -7.4676183708611 0.8160103765641641 0.047007650191317515 0.5761226832568724 99.78991527927474
0.5670824355789866 -0.031344907719329886 -0.8230644008933111 -52.04184659932857 -0.017169868958472383 0.9986086179043266 -0.04986004259076623 -7.554129441166265 0.823482062256213 0.04240666229817215 0.5657552192733001 100.40776449546598
0.5588855438020529 -0.028500660998707055 -0.8287548861103109 -52.906050704638574 -0.01853030185131387 0.9987304069471067 -0.046842311562943224 -7.632307494316133 0.8290377415066066 0.041536568971182686 0.5576478607470164 100.90479513473386
0.5502609601966266 -0.028171242169021553 -0.8345173795662585 -53.78208976150085 -0.01966433962416191 0.9987163035015618 -0.04668039060800169 -7.688737587516369 0.8347611571165875 0.04209662973237529 0.5490006232551542 101.38372228517876
0.5396706937773851 -0.02822474437619711 -0.8414029391930649 -54.62987516391353 -0.02388622478178836 0.9985221426697546 -0.048815764501524535 -7.7614794690589015 0.841537278166275 0.04644237723344007 0.5381989548980947 101.90904935484643
0.5279490431134057 -0.0308640597441393 -0.8487150391572802 -55.456571658896344 -0.02396085252931917 0.9984003005788501 -0.05121247260308754 -7.813662535931319 0.8489379750144885 0.047373511798940955 0.5263649541507607 102.4692723753614
0.5179496710661835 -0.03227493601883229 -0.8548020044123708 -56.314232688496226 -0.023235587112054062 0.9983884048098736 -0.05177548293107777 -7.876281082312183 0.8550954600124965 0.04667892079053335 0.5163650187801697 102.97966092926401
0.5081540222689657 -0.03797532240530752 -0.8604285935160908 -57.229272725021964 -0.012702756568846608 0.9985883293187072 -0.05157507657791625 -7.8679657578021205 0.8611725318584059 0.03713789758021455 0.5069542848580149 103.38293823699811
0.4977067756800085 -0.03643188718352189 -0.8665798768944789 -58.09496780666679 -0.013053959921530951 0.9986896423034834 -0.049483254602942894 -7.958102482172829 0.8672471156323148 0.03594045008037598 0.4965790213807337 103.87532771346535
0.4875424340138876 -0.036685342986242826 -0.8723282413436981 -58.96833704808103 -0.01694288294835054 0.9985312173369676 -0.05146209013384893 -8.004779991886716 0.8729348851736912 0.03986970796893219 0.4862047846671847 104.36014456366594
0.4779863441710377 -0.04131500407774983 -0.8773950793251892 -59.89826311761936 -0.012484845524417414 0.998472719167245 -0.05381781964174303 -8.020990874340725 0.8782785340757403 0.036678324891079445 0.4767405133455206 104.72753361151993
0.46758486089114604 -0.039788040348543025 -0.8830522689572933 -60.77603151287635 -0.01620259564866117 0.9984328398411486 -0.0535662227618998 -8.122280514380238 0.8837996796557733 0.03935449366914223 0.4662074109968604 105.19578894048973
0.45942047648562223 -0.03949458335194025 -0.8873404102550351 -61.69613679732948 -0.019487655020717167 0.9983222748884645 -0.054524001717653724 -8.220996916078397 0.888005099696793 0.042341626650026505 0.45788003839992425 105.57481577009048
0.4532472326269975 -0.0375983347231051 -0.8905915513533743 -62.62287949474718 -0.024078154135316707 0.9982290608546884 -0.05439654914234079 -8.315146908316299 0.8910595875750384 0.046098886008328836 0.4515392608615468 105.93852410343543
0.44638639884573694 -0.03483139037092114 -0.8941621537340726 -63.542521496698775 -0.028031034396940623 0.9982074754220549 -0.05287813463198048 -8.383335349933947 0.8944011650462924 0.048668370183819254 0.44460988035297166 106.32531723248016
0.43761651777753696 -0.0343906504115517 -0.8985037932766479 -64.42660172281215 -0.02473292698099018 0.9984297970153314 -0.05026154349867749 -8.429233636387229 0.898821487110321 0.044217910355276197 0.4360787895697314 106.7903930339319
0.42954732053333516 -0.03491729265679324 -0.9023690387508563 -65.32219604650885 -0.024878318557826958 0.9984153436132915 -0.050476439090732655 -8.489206811721465 0.9027015944864397 0.044131443564258924 0.42799795209857266 107.23120367990428
0.421049866193923 -0.03850021172827027 -0.9062200306078817 -66.22774874773827 -0.019362796968934996 0.9984895663989366 -0.051416610992902026 -8.569948116267819 0.9068307958332757 0.03919591164055563 0.41966842654535175 107.64768314762898
0.41163878497886364 -0.04337717925088975 -0.9103141935734897 -67.12108394215952 -0.01168257850765706 0.9985333985159791 -0.05286368704066372 -8.62582992147724 0.9112722030548995 0.0323955609359854 0.41052831762390063 108.09358611269528
0.406722558954179 -0.04700000970200106 -0.9123419091139946 -68.05670911408738 -0.010102945526436745 0.9983832181484484 -0.055936394335257475 -8.682083983309413 0.9134958623493854 0.0319679340519759 0.4055901387644909 108.44206999780666
0.401914208687771 -0.04950659684833548 -0.9143380478375441 -68.97912076371703 -0.008504426263005968 0.9982925047730635 -0.05779056711828519 -8.767971463690047 0.9156378342930201 0.03100277056026438 0.40080691689237646 108.81860696722848
0.39344542364559537 -0.04920249037110253 -0.9180303990356811 -69.85296815915004 -0.006333053666781935 0.9983980914809218 -0.05622404608794576 -8.85984713906063 0.919326161404963 0.02793502941697756 0.3925035580576125 109.29604763345847
0.386116135523034 -0.04568983711186499 -0.9213179519978114 -70.72385771213351 -0.004217162502840585 0.9986747192745385 -0.05129347543634513 -8.93882171606621 0.9224405376115986 0.023690586033392386 0.38541174178301363 109.78113979242524
0.3808220382496249 -0.04306968235121962 -0.9236447247971258 -71.63535363697 -0.0036819098042843294 0.9988360313983219 -0.04809392810569819 -9.013995672315419 0.9246410215448948 0.021716004296555146 0.380220194668566 110.18552086926775
0.3802617300973133 -0.043424141830135106 -0.9238589505599359 -72.59377954056423 -0.0008965237504067175 0.9988794103408761 -0.04731933898757391 -9.07021874313952 0.924878485460958 0.01882199520168513 0.37979668196032096 110.46526852989548
0.3732564594842087 -0.038017618614072435 -0.9269489069674882 -73.43071636916329 -0.006266931232035612 0.9990338750797881 -0.043497609313476036 -9.24074648851555 0.9277070340502106 0.022044888703957773 0.372657593315617 110.985323366419
0.37202966761341677 -0.03739875544745597 -0.9274671204449378 -74.38279087614703 -0.003599091507549323 0.9991223652584698 -0.04173183174308484 -9.301528402134418 0.9282138616481458 0.018863518529009457 0.3715685599091217 111.28508942875513
0.36900543562687294 -0.037489901763406205 -0.928670822058917 -75.31698147617999 0.0006276099459884102 0.9991959727228358 -0.04008758162091536 -9.344328660742946 0.9294270248833792 0.014209692474786137 0.36873227422643423 111.63928719931994
0.36917979061251277 -0.03707406372232628 -0.9286182186466122 -76.25685493191179 0.00016139819439046587 0.9992065350144405 -0.03982805964456003 -9.41728978374139 0.9293579806263658 0.014553837416319644 0.3688928430622354 111.97292556902818
0.3610231262126434 -0.03641136593475436 -0.9318457569632478 -77.09157033790605 4.65094413655035e-06 0.9992375368104056 -0.039042861158396204 -9.463360271480264 0.9325568627799652 0.014091041829136815 0.3607480287155493 112.52167660652637
0.35589174809507834 -0.03308137510013593 -0.9339414790335133 -77.9877364927074 0.0009408998192254729 0.9993854348220469 -0.03504093853009209 -9.5628356017894 0.9345267135536321 0.011592035499582909 0.35570415567943603 112.95410102957443
0.3570665276563098 -0.030345780998169487 -0.9335858977100444 -78.94852321308001 0.003958582167307036 0.9995123311435072 -0.030974659308652123 -9.674138345641387 0.9340705671707487 0.007364337558359226 0.35701252369859465 113.20807066785164
0.35258746359943965 -0.03393945232859779 -0.935163191153363 -79.86478557990648 0.008031757626330748 0.9994150232687455 -0.033243076484502976 -9.671561265961554 0.9357443942562198 0.004210087927508988 0.35265380159258214 113.60864105342436
0.3542952342046392 -0.030021987402774078 -0.9346515753435931 -80.81842765222096 0.007085339601524025 0.999542010598384 -0.029420520247965796 -9.817792068832345 0.9351067773161552 0.003801226291272266 0.35434568671859823 113.8716683337652
0.38423646755507185 -0.0257876442224234 -0.9228744954793417 -81.78037140925089 0.009020412276616931 0.9996669773600192 -0.024177810865193532 -9.969544439026011 0.9231906461631616 0.0009652882112643359 0.384341123294804 113.64443403518385
0.3862609154851196 -0.027228792095291648 -0.9219875802035621 -82.72193251736057 0.008413086283273873 0.9996266163663149 -0.025997073512461163 -9.995497122716591 0.9223511940404169 0.0022848923505041246 0.3863457701582377 113.98027497656014
0.38307210666391955 -0.02725507217411626 -0.9233162633338817 -83.58355525079268 0.0040858076968485965 0.9996048252265294 -0.027811860047357532 -10.013370312812466 0.9237094062915711 0.006881455123234561 0.38303208521461823 114.4875094532164
0.3916414327556487 -0.028045532903593528 -0.9196904023818278 -84.5335440023372 0.0012173710677551091 0.9995502846623608 -0.029962417109889245 -10.040149511836814 0.9201171154569303 0.010614919478594 0.3914994474168254 114.79864326114881
0.3976028819150558 -0.03507064840336876 -0.9168871238671649 -85.47577998070355 0.004740198598250686 0.9993344573236917 -0.03616867322423368 -10.008237433781977 0.9175453551787439 0.010034541649696442 0.39750450206732485 115.13206938541957
0.4051258303014219 -0.03348866766219784 -0.9136473995808155 -86.41710846184165 0.004812545720432713 0.9993931927350912 -0.03449761902565261 -10.101975099690057 0.9142482709998788 0.009578906668359071 0.4050411627486388 115.45628218681448
0.4139617664736969 -0.030563725500942877 -0.9097810256218094 -87.3458494972814 0.0035791221087309 0.9994831021120718 -0.03194868506448097 -10.187396306317046 0.9102872325716228 0.00996931672290424 0.41385718181659475 115.8170359900497
0.4824185829917944 -0.026832272799629044 -0.8755297481642685 -88.26882549008894 0.007143928035218303 0.9996179942257308 -0.02669887473926729 -10.267771651271511 0.8759116822353795 0.006625311805621535 0.4824259841333847 115.44066500202807
0.4881067869391105 -0.023647341887389896 -0.87246350511963 -89.11413286173327 0.0033944263518854542 0.9996767598288117 -0.025196303853899524 -10.334054164779726 0.8727773154784187 0.009336973804039111 0.4880292803782028 115.97081788172108
0.5000305476968449 -0.02408285237933302 -0.8656728409689544 -90.01043902401635 0.0026159313223070137 0.9996506967839125 -0.026299074560585577 -10.355059294775282 0.8660038153918874 0.010885799956895731 0.49991888450626804 116.41375585476837
0.5126924814201609 -0.025313514273079603 -0.8581990710146313 -90.9138944286619 0.0008119083915738445 0.9995791214369333 -0.02899863431474478 -10.384922422301385 0.8585719307664311 0.014170602757231938 0.5124972523999504 116.8413965046499
0.5225752247822945 -0.027445382638767536 -0.8521513277672795 -91.78852379958334 -0.0009563556210472469 0.9994622542554336 -0.03277632838743449 -10.419826432727465 0.8525926458911408 0.01794305688690218 0.5222679646329997 117.32493055058436
0.5285138770578867 -0.024897215733352438 -0.8485594913769804 -92.60102128212323 -0.003952592132059435 0.9994868397159261 -0.03178732845169082 -10.51224611003999 0.8489154603213884 0.020154053770523827 0.5281442561875869 117.90052280566759
0.5448547295125659 -0.022109520021786438 -0.8382389234891128 -93.50806805245172 -0.005303856462035896 0.9995414647522911 -0.02981156398885548 -10.585964342355226 0.8385136807675919 0.020688870564579322 0.5444876286935697 118.31504877428833
0.5581409370828748 -0.020994436046779502 -0.8294805169546297 -94.3800136459379 -0.0062327904035437785 0.9995455614218314 -0.02949276124218908 -10.60972631666933 0.8297227528976364 0.021631095602885446 0.5577564423894953 118.80407459219239
0.5700786668980699 -0.01730475375093196 -0.8214078518283905 -95.17229946435539 -0.009356467272623917 0.999576584954207 -0.02755190250143064 -10.663462574243686 0.8215368342733588 0.023392227531637035 0.5696753756510947 119.41185382559578
0.589987834631827 -0.014996823451412252 -0.8072728474764943 -96.0524915977501 -0.010280104517155922 0.9996069220774748 -0.026082959684441288 -10.719431501980456 0.807346687884183 0.02368747815094013 0.5896017545269758 119.88315976385464
