0.9999850357921507 0.0004265214774855262 -0.005454014228079035 -0.3497471463513894 -0.00044169599265434965 0.9999960344403634 -0.0027813680442642878 0.18418757388538484 0.005452806627260384 0.0027837361521658817 0.999981258680842 -0.9185596721063649
0.9999706784027715 0.003186207265941452 -0.006963506154116091 -0.702448110972971 -0.003208915351803044 0.9999895627127308 -0.003252280410168253 0.22159191882614643 0.006953071373159686 0.0032745310634911514 0.999970465686259 -1.8535478777586856
0.9999479189400092 0.009118254455904872 -0.004584413072611938 -0.8346968701122568 -0.009119277895636293 0.9999583980382338 -0.00020239434877864827 0.11779144041819838 0.00458237720327496 0.0002441910602430616 0.9999894710395167 -2.8393144457775845
0.9999075774671659 0.010019057736511497 -0.009189940468479244 -0.6003814884986302 -0.009986845799252374 0.9999438486805422 0.0035443471794199956 0.04588199749271682 0.009224935794006432 -0.003452240367637659 0.9999514901214159 -3.808811910395749
0.9999216824649967 0.012509066291199673 0.0003901241993223705 -0.8240594337270546 -0.012511064595430799 0.9999058943250415 0.005628121954007879 -0.011227773623375646 -0.0003196846038159622 -0.0056325613257300735 0.9999840859007036 -4.781800425790278
0.9998127964785022 0.01299368080876647 0.014336535734812254 -0.9099102251336261 -0.013094335496692106 0.9998901156415211 0.006949461870330066 -0.03171795612877533 -0.014244660952909481 -0.007135887598515756 0.9998730763164483 -5.777897707245879
0.9995255049430701 0.014543223109585814 0.02715252529479483 -0.6571380742926418 -0.014739710813283513 0.9998665077287423 0.007050365059420462 0.007713204608015681 -0.027046365280195342 -0.007447239349382804 0.9996064389304437 -6.744619706117174
0.9986309111970022 0.0104124310108091 0.051262895765743784 -0.898762275464337 -0.010782293820943922 0.9999177597878984 0.0069437598396508505 0.027221237444576486 -0.0511863781412581 -0.007486984104071242 0.9986610534920267 -7.714793495804171
0.9973711095953071 0.006259014598719494 0.07219206660622866 -0.9923428853483575 -0.006956136904320644 0.9999315379541647 0.009409121318598826 -0.020995770078916152 -0.07212823202688591 -0.009886562953981668 0.9973463661224377 -8.7092369531064
0.9958115509596529 0.0057050419110948915 0.09125134230312615 -0.9791829502900267 -0.006713493490877876 0.9999196990327279 0.010748232014975472 -0.07142034738491235 -0.091182695283242 -0.011315828171105245 0.9957698871293933 -9.707878118979075
0.9940071312405928 0.006855183427071082 0.10910008938139033 -0.9560069231822601 -0.007963170458811607 0.9999210201511022 0.009723238978023836 -0.08388038161430407 -0.10902481775290565 -0.010533750776947078 0.993983213745843 -10.707531868692664
0.9908525738343019 0.008603493575362902 0.13467426192200688 -1.2801840963631483 -0.010252851806954634 0.9998806358871858 0.011558244142705674 -0.1781315104853124 -0.13455874503848525 -0.012833310492154514 0.9908225119946958 -11.64882134883729
0.9883405833888568 0.008250713359475874 0.15203557792711928 -1.4128670738021274 -0.00985236557851708 0.9999035936913294 0.009784386320705024 -0.15201878161425683 -0.1519401922414011 -0.0111682154637426 0.9883265902246082 -12.639635838508005
0.9863406998917869 0.006610647065187479 0.16458530639871635 -1.4420724235647429 -0.008126005108601125 0.9999305540358153 0.00853552263203916 -0.1332966027813521 -0.1645174509553043 -0.00975635369272021 0.9863259207248842 -13.639033921134844
0.9843010922264062 0.0058269438127018115 0.17640126577694354 -1.572038973308342 -0.00734885740083635 0.9999411911651933 0.007975494093480322 -0.11666677535588622 -0.17634441873774398 -0.009146634580335072 0.9842860280710581 -14.630412831971563
0.9827123589877792 0.007001321380529387 0.1850064890526853 -1.6267060148304553 -0.008461646001772197 0.9999389579356488 0.007104994687401978 -0.0656168452011137 -0.18494545119445666 -0.008547624793403522 0.9827116149679257 -15.627611618155594
0.9807877656829604 0.01101909631053752 0.19476636825470203 -1.7656963046578682 -0.013066468961876411 0.9998720265353569 0.00923027306993952 -0.10322750759188047 -0.1946397337347623 -0.011597846890361465 0.9808062316274134 -16.617190891157655
0.98002492204457 0.007848324914136152 0.1987197925914213 -1.7582271004521968 -0.010113599553413403 0.9998949083459532 0.010386884417851362 -0.0771738157098294 -0.19861738882905747 -0.012189177282396877 0.9800013044950014 -17.616823531724005
0.9773438475142042 0.004300512837392725 0.21161405746185244 -2.2041076697860778 -0.007201906319432842 0.9998903132725595 0.012941946108206176 -0.062440382844455716 -0.21153518887495754 -0.014172755307543052 0.9772676178379327 -18.511794729081487
0.9762362502121111 0.002932718668301433 0.21668913893642658 -2.231013859055713 -0.0064289140122098225 0.9998602597682209 0.015431461397028518 -0.05881630226045441 -0.2166136022827639 -0.016457827137729867 0.9761186850132457 -19.51142612266218
0.9736110145571629 0.004498439106767402 0.22816957811806404 -2.5939922873040815 -0.009050897683362504 0.9997802293464799 0.018909634026696806 -0.13379981354959014 -0.22803436897808524 -0.02047576676176249 0.9734377584315719 -20.440201732802493
0.971654264463116 0.011679911753779923 0.23611770372436242 -2.8568960945811237 -0.01693988141925091 0.9996512148237285 0.020260531062723516 -0.16698154349640854 -0.23579870783535672 -0.023686036593225768 0.9715132222742414 -21.40445302843856
0.9692678751224165 0.010268068991476836 0.2457933136089403 -3.074905495258595 -0.016412783279519293 0.9996015574812787 0.02296403331341704 -0.1748357598452128 -0.24545958250484032 -0.026292451446037854 0.969050205280153 -22.3803680927028
0.9676067175722948 0.001528324967121719 0.25245772781153913 -3.1894418742284096 -0.008699350446602685 0.9995896740729463 0.027291111896484494 -0.18057263835055157 -0.2523124278489556 -0.028603280735512486 0.9672229789888837 -23.37377058223221
0.9649963760037273 -0.007001823694406754 0.26216973273935684 -3.564483775277151 -0.0013945050735080726 0.9994924337302853 0.03182656549974237 -0.21123236075098312 -0.2622595078985056 -0.03107811668057094 0.964496812426263 -24.30027128604092
0.9631583131108908 -0.003140691459972053 0.2689167156250003 -3.6965638443919175 -0.00600454807766762 0.9994314067361082 0.0331784362480366 -0.24208449163006318 -0.26886801429923873 -0.033570809325150865 0.9625918094644471 -25.291030086908133
0.9608296642570995 -0.0008133057893464653 0.2771384037214674 -3.9617174633318273 -0.009305016152814214 0.9993372188227471 0.03519289345892154 -0.2889455153967022 -0.27698334386703766 -0.036393152617814416 0.960185276737136 -26.254096856687692
0.957892999507751 -0.0008282636850037239 0.2871242161039561 -4.196665095649574 -0.010820709428106796 0.9991813240347848 0.03898196951880398 -0.36299865649366225 -0.28692144144006265 -0.040447442709685894 0.9570998332568049 -27.22327988512986
0.9545724242265291 -0.0019305231183801624 0.29797275040979143 -4.463585081723212 -0.011657112179164365 0.9989715882478581 0.04381640799052659 -0.4413580483418439 -0.2977509000029098 -0.045299435863167085 0.9535682265354359 -28.18380761873608
0.9517336098655509 0.0016146701871206288 0.30692104634982836 -4.6993320435075425 -0.017333737842580455 0.9986729386033172 0.04849642495914627 -0.5343642064129627 -0.3064354372337047 -0.051475765835635026 0.9504985893408908 -29.151161341453403
0.9496738009902578 -0.0009811696760193838 0.31323906049339034 -4.932769647645686 -0.017529675327830556 0.9982615123945867 0.05627311395836736 -0.6147094262065744 -0.31274971143090446 -0.058932080345917126 0.9480056054190759 -30.120208053896434
0.9482491019276464 -0.00297263949321818 0.31751347075022496 -5.1357376003704776 -0.01835830229362068 0.9977702241066103 0.06416815895083035 -0.6818334182555561 -0.3169962353606221 -0.06667640666590634 0.9460801464787831 -31.09709002224645
0.9475981032742643 -0.010419383799948567 0.3192949594219196 -5.411207772640912 -0.013355938543770565 0.9973020525628622 0.07218195660630523 -0.729227537677415 -0.31918560960022463 -0.07266396831910894 0.9449023729106899 -32.057230627511814
0.942001344784018 -0.023416049247564966 0.33479121114918253 -6.043771353709461 -0.005039864083239335 0.9964634924956219 0.08387555003364978 -0.8309182380548435 -0.3355712532112473 -0.08069818242465455 0.9385519364273829 -32.82503419471373
0.9402930858146868 -0.02619353208969051 0.3393564669278605 -6.3729901938382225 -0.005300052789888493 0.9957867310067617 0.09154614023151604 -0.9925929894410175 -0.340324583293147 -0.08787880918145523 0.9361925511897622 -33.75534394447141
0.9328754978949457 -0.03213805224985268 0.3587623879740495 -7.131767281007076 -0.003669173716925511 0.9951121284268372 0.09868327630374703 -1.0863531010339482 -0.36018029147096153 -0.09337557134227722 0.9281978023634816 -34.39991075550394
0.9314307733481417 -0.03310694787102479 0.36240949830647023 -7.367401109356555 -0.004603554951509067 0.9947017297187123 0.10269993269913527 -1.183172285278883 -0.3638894358358969 -0.09732624907972198 0.9263433919055638 -35.36691786240098
0.9296681606739018 -0.0408778681120451 0.36612308166492075 -7.673213206623678 0.0012526656545445236 0.9941697651593092 0.10781887066668114 -1.2819804665045085 -0.3683959033754796 -0.09977714067448311 0.9242991834763183 -36.313868708443266
0.9519608237552643 -0.03807997096958314 0.3038428966524547 -6.802281057877439 0.013066449079981569 0.9963854137819753 0.08393673278701425 -0.9181446055586583 -0.30594093831972397 -0.07593433285288613 0.9490174494466547 -36.644172596125244
0.9509307073017451 -0.04134255021814192 0.3066293910440805 -7.033549768363225 0.016247821891955037 0.9963377559819373 0.08394691351467702 -0.9373777557014179 -0.3089770185428328 -0.07484563741599143 0.9481198935641926 -37.616872380059675
0.9493934337530777 -0.03337014160938622 0.3123116097674083 -7.289784459448931 0.0082792670105963 0.9966533945931131 0.08132321183885848 -1.0499352606811712 -0.31398019281114914 -0.07462201142501004 0.946492469031402 -38.5769112290028
0.9475939613237699 -0.028919816569250124 0.3181655680181731 -7.527347459881512 0.003619990311542516 0.9968024466686998 0.07982341752540133 -1.1658405391227213 -0.3194566949133789 -0.07448843144524178 0.9446686687171582 -39.54134359447572
0.9422786956057281 -0.030274547632489886 0.3334581106724145 -8.146439941975277 0.00423307944849722 0.9969014560291725 0.07854659766848367 -1.201962874619643 -0.33480283844228875 -0.07260123022013337 0.939487158369666 -40.32583048146991
0.9396980812858564 -0.030577514967485474 0.3406354820128021 -8.41649784527854 0.004356087478336346 0.9969845122294606 0.07747842845890208 -1.2936249585884203 -0.34197739736496874 -0.07132249190607383 0.9369976317151446 -41.28430155121005
0.9360361632409248 -0.032130838169176716 0.35043388869194125 -8.848151191066151 0.007218041757807452 0.9973664217687012 0.07216730978410862 -1.3056897239936462 -0.35182978945868887 -0.06502176462013759 0.9338029606802164 -42.186260436518744
0.9318874205071207 -0.034472745858914286 0.36110589207811644 -9.169991983761397 0.010490389200343526 0.9976189040288088 0.0681650501267263 -1.3524001746772538 -0.3625959004176156 -0.05973401068184601 0.9300301398170919 -43.131901297641726
0.9281268713247014 -0.04051433819420168 0.3700528328843167 -9.571484707788832 0.017566683742493105 0.9977192795157591 0.06517400482432317 -1.3310868102278022 -0.3718493271520904 -0.05398914340894491 0.9267217760959898 -44.04751548127548
0.9241998807711773 -0.03300847235809813 0.3804799878247576 -9.975601556537217 0.010052022765840041 0.9980152094288138 0.06216589569104759 -1.4128493644998792 -0.38177681565968685 -0.0536291191863061 0.9226973396515515 -44.95856128563185
0.9203901961139109 -0.0301896623411781 0.38983390204691437 -10.358940728548772 0.007195422324183557 0.998153691758585 0.06031113932168059 -1.4657996593678944 -0.3909349211134039 -0.05270476108573109 0.9189080996557563 -45.88064986369063
0.9143282232576604 -0.0350089010632144 0.4034578999113007 -10.953727854686212 0.0112620448719224 0.9980692009473704 0.061082210712900875 -1.502032719849504 -0.40481732453220404 -0.05130542752185512 0.9129571111861655 -46.68371613759179
0.9107217471589089 -0.029533139220267794 0.4119632179450273 -11.300932377284111 0.006072082683274549 0.9982898156757776 0.058142701432802625 -1.5860519548723475 -0.41297582108878345 -0.05045034721037839 0.9093435729483097 -47.617734225194
0.9078745571965946 -0.029017162198854484 0.4182365272103976 -11.626459448402521 0.006077781268344001 0.9984079944698446 0.056076172779098044 -1.6054325409620305 -0.4191978634333393 -0.0483681796988142 0.9066055760282677 -48.56306830322574
0.904667667847797 -0.031222916622366627 0.42497239937250225 -11.94855896323601 0.008832174283681502 0.9984716216339357 0.054556516467934024 -1.6489576502640693 -0.42602629400129416 -0.04560208552116759 0.9035607597807928 -49.50877304978849
0.9009838348590524 -0.022852583842326326 0.4332503764965538 -12.312908757174533 0.002778924229572812 0.9988952765008509 0.04690953170102815 -1.6853236591679215 -0.4338437583216759 -0.041060759090795346 0.9000520026244102 -50.43932489752906
0.8973027354766814 -0.009731098378947017 0.44130840308156766 -12.67456492932812 -0.010106199805038081 0.9990420239214411 0.04257815360541542 -1.7960414533776543 -0.44129997209096317 -0.04266544389037069 0.896344796677123 -51.36503888336097
0.893436815140264 -0.001064242154536346 0.44918762754628283 -13.062991743595656 -0.01895319126038353 0.9990173057318334 0.04006493965239517 -1.8586153922081046 -0.448788851945967 -0.044309030387069084 0.8925386692996438 -52.28439143405295
0.8899677104007168 0.009822931975943186 0.45591773868923047 -13.499456738449947 -0.029850702522886494 0.9988786167981774 0.036748394009046774 -1.9249720302508109 -0.45504550293893087 -0.04631434815460482 0.8892629371620463 -53.181662354794156
0.8866481531393674 0.009076539432221422 0.4623555655190971 -13.962875115731983 -0.028841364997929348 0.9989463593029122 0.035697995749152896 -1.94974897422557 -0.461544394330941 -0.04498652691088083 0.8859757245309725 -54.06745550838944
0.88351357488965 0.01525398749272532 0.46815710915384184 -14.396831026251325 -0.03535215469347824 0.998790466725943 0.03417350927098964 -2.0159029238498305 -0.46706957499380775 -0.046743121169357 0.8829841973322345 -54.96595755236395
0.8821155130301068 0.015346817196067503 0.470783067743076 -14.710606873778332 -0.03501831758653028 0.9988399076725086 0.03305383902326395 -2.010572728930231 -0.46972964441737125 -0.04564333443130415 0.8816295974940509 -55.91543967790749
0.8804959087153506 0.011163342882894335 0.4739222874176829 -15.166208957626884 -0.030494774261859005 0.9989858995139448 0.033124633054936035 -1.984170327164955 -0.47307190068054267 -0.04361825633945236 0.8799434211927519 -56.80523159437799
0.8778005814651451 0.01462155991595074 0.4788030379655902 -15.700016614077029 -0.03508955749640974 0.9988114528018945 0.033829051220303226 -2.041400080094934 -0.47773932418279186 -0.046496146845108624 0.877270338298251 -57.648898674257325
0.877169335508538 0.01597220201802926 0.4799154567277513 -16.23689171263204 -0.035905182955503 0.998830375135468 0.03238363079802279 -2.0529942773341383 -0.47883689751003994 -0.04563737946832841 0.8767168614656751 -58.492480741080094
0.8766233948630842 0.01978205350023898 0.4807703130789546 -16.677814190756912 -0.03937016532453388 0.9987532429552128 0.03069120018433044 -2.1033993832707694 -0.47956377406935485 -0.04583263008870205 0.8763092813724556 -59.38860946727661
0.8755201155385809 0.028060364516446102 0.4823661920476132 -17.17845992777878 -0.047983087527084856 0.998426754196201 0.029011029223343966 -2.1503873212906566 -0.4807932511407769 -0.04854515814969827 0.8754891303024287 -60.25298553128842
0.8746207418495351 0.03236564528206671 0.48372618590690775 -17.75751969442426 -0.052328413109889116 0.9982422614055799 0.027823096974743843 -2.137459958402564 -0.48197540897257807 -0.049647280682528404 0.8747770302577373 -61.06816813061677
0.8745685767443667 0.034277243163752774 0.48368882059897284 -18.184109084629494 -0.05412209780604708 0.9981658876312535 0.027123039991415233 -2.154997441915642 -0.4818719776537613 -0.049899211415543224 0.8748196761917051 -61.97244349195442
0.8724593640627263 0.03757650839310296 0.48723984245568985 -18.68237817589 -0.05684365915470137 0.9980747167293869 0.024812461374266487 -2.1710154881175256 -0.48536940181820765 -0.04934435907862678 0.8729156190639243 -62.839317955302484
0.8699926323927198 0.04475114385731534 0.49102968821227755 -19.09668047707477 -0.06271300093583494 0.9978276898627171 0.020173766550801178 -2.2168341929902593 -0.4890602200618893 -0.048344972836978674 0.8709092172863988 -63.748303241120595
0.8659030814808854 0.051014013262560394 0.4976036815908354 -19.618620254926313 -0.06780482709697751 0.9975747593481042 0.015719571683466094 -2.2408907775773788 -0.49559495422846944 -0.04735155642519561 0.8672620546567182 -64.6009462786032
0.8632268453588071 0.05279525309298918 0.5020478808866023 -20.028916132276997 -0.06841344692230682 0.9975758866613368 0.012725982557253282 -2.2147198187254897 -0.5001589882063796 -0.045332235099709794 0.8647461910741411 -65.51252313996066
0.8597306112772622 0.05100878232984362 0.5081942346761222 -20.47081467903658 -0.06817761181106087 0.9975572340871656 0.015211113308898067 -2.2036734582947486 -0.5061769345102609 -0.047724928271485785 0.8611081477905523 -66.40952015921376
0.8530674114380064 0.05534288217540514 0.5188575497523146 -20.983182473053734 -0.0755499745447121 0.9969818297085538 0.017872676835606637 -2.2503322995657586 -0.5163024236248844 -0.054446272110521846 0.8546738622494175 -67.26701779567871
0.8480975857449716 0.058740330831843504 0.5265738871111187 -21.343849653112812 -0.07957006897927552 0.9966847636217813 0.01697309891622201 -2.292317796205119 -0.5238311645267232 -0.056294364003412686 0.8499599141442069 -68.19876690546405
0.8422709360278919 0.06321404335906326 0.5353350866932735 -21.81553904489586 -0.0815266453645263 0.9966149339642408 0.010586760366202298 -2.3136196146126844 -0.5328537099156732 -0.052560993595536676 0.8445734223744865 -69.08027433624534
0.8343851312662073 0.056856437689197285 0.5482415509747198 -22.478562616570045 -0.07332384414581757 0.9972747233386418 0.008169459560346612 -2.276996166377367 -0.5462829544703947 -0.04701565289562481 0.8362801337099272 -69.82797646058471
0.8311024985718988 0.05635141997875177 0.5532568610816527 -22.920778714476306 -0.0738051860598947 0.9972293291241813 0.009298367877866934 -2.296237292076088 -0.5511999919456468 -0.04856112161724481 0.8329588143158058 -70.72467858622609
0.8292714239411454 0.05487698082934274 0.5561451450922491 -23.353469027986883 -0.07426043292657228 0.9971625761921005 0.012336318068350538 -2.308541820868623 -0.5538901454969659 -0.051529734566108217 0.8309936180121329 -71.6261372327803
0.8271000955489006 0.04761316106849729 0.5600343014816703 -23.865030166600608 -0.07119425188083987 0.997254654984176 0.02036004939856698 -2.3476186411781175 -0.557527407560777 -0.05671102119775644 0.8282192040113928 -72.48449508584794
0.8232469337182382 0.047304098293075435 0.5657091199620126 -24.450850362168307 -0.0710200920708942 0.9972751488568883 0.01996056098175705 -2.320947395032168 -0.5632234302510846 -0.05660918368189074 0.824363249993029 -73.29449714966387
0.8175927936009287 0.049705297794883724 0.5736474590050479 -25.10889649856409 -0.0721453118537562 0.9972590442776011 0.01641501093642201 -2.313254087942764 -0.5712592034854117 -0.054806768745042776 0.8189378123721837 -74.04743545771437
0.8119076556081312 0.04620413678066774 0.581954582857854 -25.804429597398972 -0.06627384320351648 0.997713519776931 0.013248024809612279 -2.2868563527773973 -0.5800118414334673 -0.04932453881387942 0.8131133707348281 -74.76544441888123
0.8077985104892216 0.04705070762474136 0.5875779074841084 -26.404550661871706 -0.06577158403923633 0.9977792007250649 0.01052451107714758 -2.28067735108458 -0.5857778289710782 -0.04714761336648078 0.8090991519213034 -75.56532974080824
0.8046850586365923 0.048303196395959126 0.5917336880936855 -26.953788394168278 -0.06780076589029523 0.997640820611368 0.010763326370507423 -2.2976223729606526 -0.5898177788795973 -0.04878108444013304 0.8060616561519228 -76.40082407351723
0.8014194622586153 0.04878567763127142 0.5961097241038493 -27.480794110935328 -0.06974438079477935 0.9974911366383469 0.012130691467661343 -2.300341139246319 -0.594022362030603 -0.05129707509886477 0.8028113374223627 -77.25068146338536
0.7958525375109836 0.04878147253605396 0.6035222501901156 -28.11877990147495 -0.07201309232472895 0.997300417066599 0.014352444133656012 -2.289725666099391 -0.6011928582442265 -0.05488393187901773 0.7972169724846774 -78.02065642604478
0.7932600105787687 0.05158828815563126 0.6066936658163997 -28.64175394614589 -0.07483370328067264 0.9971105033003164 0.013059902812901005 -2.2881793680731923 -0.6042668882245845 -0.05576103168546003 0.7948284312609537 -78.87300363104106
0.7881476355458111 0.05211146616910405 0.6132762017861542 -29.321403971125235 -0.07438038028802872 0.997170834056924 0.010857565768561478 -2.2516852896257884 -0.6109753377554314 -0.05417308117047806 0.7897939059850558 -79.60563179463026
0.7826326668531385 0.05595291021209884 0.6199640155792429 -29.89985788889852 -0.07834227393238169 0.9968865501624212 0.008927161943317621 -2.252513057958547 -0.6175342878139696 -0.05555607856650102 0.7845794577405174 -80.42134643844575
0.7776131586675535 0.050508332986032106 0.626711004982393 -30.55756113107776 -0.07261400362560776 0.997312732080491 0.009722186358925475 -2.202570950983794 -0.6245358129645626 -0.053068094503914254 0.7791911162676429 -81.17296617705021
0.7737310045285756 0.0498989450282445 0.6315460615950894 -31.133336248890238 -0.0721038978357231 0.9973515420399773 0.009535696480340132 -2.1781076137846735 -0.6293976169942499 -0.05291499599279464 0.7752797191472517 -81.99020822144881
0.7663751769698763 0.05374011458863616 0.640141459529368 -31.789206738295736 -0.07608108370442407 0.9970743278898098 0.00737925236287344 -2.149740908795781 -0.63787205344002 -0.05435793107189258 0.7682216208684801 -82.74454848385102
0.7600102926214705 0.05188971989741187 0.6478362540630105 -32.44598737273641 -0.0758671218597124 0.9970760372345567 0.00914088580754758 -2.1706962206139786 -0.6454676867688086 -0.056096638601445384 0.7617247747545969 -83.4983389544004
0.7539783727067636 0.0464828354451323 0.6552525921348497 -33.173166312013116 -0.06980115443453382 0.9975151589703621 0.00955544158736207 -2.088323601659785 -0.6531802293829104 -0.05294198294919126 0.7553494121164689 -84.17982669616401
0.749964993384704 0.04440371806128481 0.659985468415641 -33.78453643126795 -0.06761783831622031 0.997664005791931 0.009713881234050136 -2.064993762356571 -0.6580124135329124 -0.051911860843845026 0.7512155631643422 -84.97082751549556
0.744563015034625 0.05012750712130809 0.6656674467572758 -34.378699103385664 -0.07251092471082257 0.9973495677946234 0.006000451437111438 -2.0651949800110523 -0.6636023524440003 -0.05273587560014624 0.7462243933666829 -85.77517239109277
0.7345995409004833 0.04985614937670901 0.6766667413713526 -35.15467591094665 -0.07327609260439219 0.9972932211973381 0.006070025243744952 -2.0888645874111 -0.6745325258958375 -0.05404253183278089 0.736264406488378 -86.40548956852697
0.7304988137812436 0.04989217162586009 0.6810890208149376 -35.76824609937754 -0.07285980997781509 0.997329215844293 0.005087564583758947 -2.0473571469752208 -0.6790161492070179 -0.05334047580041778 0.7321829435035055 -87.19403808101012
0.724272561313653 0.04099676315053678 0.6882939214749308 -36.47494897729944 -0.06372930002505618 0.9979381264151947 0.007620509512930431 -1.9744294550654324 -0.6865623299945582 -0.04938381504553628 0.7253918981102501 -87.89777993307885
0.7188850563536413 0.03991982146120513 0.6939817602833134 -37.12899287768657 -0.06265849663124756 0.9980068543974911 0.007498758265649713 -1.9816034717334867 -0.692299204297998 -0.04887459832255427 0.7199535300053521 -88.65420250690681
0.712226529145916 0.04372048157824397 0.7005868187964484 -37.80839403097723 -0.06741987326573497 0.9977049418686008 0.0062777113499387065 -2.006784440925983 -0.6987044665630133 -0.05170462637487871 0.7135395574292497 -89.38753734997968
0.7054200869568389 0.04092419055622236 0.7076070318652319 -38.5740989524422 -0.06543971965476805 0.9978281242407462 0.007528450417490054 -2.014629512357594 -0.7057621013723007 -0.05161632521425611 0.7065660699735947 -90.03068152389548
0.7000076766895139 0.04119318337715251 0.7129462632057237 -39.35224836362933 -0.06569669211771281 0.9978161140477101 0.006851802062682838 -1.977239361366081 -0.7111070221461008 -0.05163452446834939 0.7011851958915226 -90.65764681063456
0.6941140573972964 0.03356200389325966 0.7190822395374062 -40.091516821252085 -0.06070906985460503 0.9980831608549036 0.012017189990256383 -1.9830751021945907 -0.7173005533814955 -0.051996113691358585 0.6948210706934529 -91.3310323555034
0.6909255097743648 0.03381452385957974 0.7221346951360136 -40.70970796266244 -0.06253773364692636 0.997956559149655 0.013104881551379908 -1.9784907662652218 -0.7202159200796329 -0.054215163465469875 0.6916283283052116 -92.11704679358446
0.6877883825902689 0.03631930615620119 0.725002102599843 -41.32598959493242 -0.06547429145741655 0.997780535738016 0.012129289364805776 -1.9865541527024677 -0.7229524587815317 -0.05581138256375205 0.6886398419479238 -92.90453135334802
0.6823259216462523 0.03917055970868342 0.7299979478749925 -42.063259877663576 -0.06939593993085375 0.9975247581194985 0.011338450499847807 -2.0224840624616003 -0.7277468927462503 -0.058395411703639676 0.6833552780144027 -93.57917316361565
0.6774948506115345 0.042305590800370496 0.7343098558387225 -42.7855350880304 -0.07249708361542781 0.9973240503625868 0.009429286060505259 -2.02427790731049 -0.7319459679493092 -0.05962361504429339 0.6787489407224145 -94.27077659257813
0.6678993040323137 0.03948833839938662 0.7432033307269321 -43.63952772058249 -0.0706903215452426 0.9974427185836816 0.01053098211057398 -2.00400958841953 -0.7408868994981246 -0.05957091732087202 0.6689827411537657 -94.79066675317262
0.6642607834615059 0.043088071016843664 0.7462580181754517 -44.29344129300667 -0.07575241943918076 0.9970779183732235 0.009858784997076217 -2.032654780567968 -0.7436525951311266 -0.06307965392370841 0.6655837851207064 -95.54669353387226
0.658509760381339 0.04330200068686965 0.7513253837180163 -45.06172555186807 -0.07686759018865535 0.9969920499745888 0.00991089632899484 -2.0442782148618135 -0.7486362727015935 -0.06427899293562203 0.6598575166372269 -96.1866968101977
0.65651980756593 0.04269346347674986 0.7530996019451559 -45.77576649446472 -0.0760203208673395 0.997058621092134 0.009747662338610607 -2.0467894891674345 -0.750468289024779 -0.06365040606274007 0.6578343051075017 -96.88679625037781
0.6532254277633817 0.04299179317050224 0.7559419595731743 -46.51214903775522 -0.07825748872696514 0.9968732625149295 0.010929956128817855 -2.062792910136968 -0.7531084289314476 -0.06629784392229131 0.6545473933670982 -97.56317235936592
0.6485158694801954 0.04172979785586858 0.7600564393538506 -47.284915237691045 -0.08237014244649078 0.9964801450040696 0.015571777226835894 -2.1195961020759873 -0.7567313436202662 -0.07270450110034465 0.6496704773209394 -98.19531617054234
0.640721816404818 0.04358050323977898 0.7665352527576781 -48.08517369681209 -0.08909020333180567 0.9958636216847228 0.017848884426582622 -2.1650037720906505 -0.7625867094397387 -0.07972695045536851 0.6419541447463046 -98.79324973079443
0.6322190211753999 0.047412648616251704 0.7733376688195204 -48.91238340838998 -0.09461668584623573 0.9953799131577487 0.016325172021645507 -2.1242665767144584 -0.7689907618384061 -0.08349173081442983 0.6337841423487961 -99.35366437573695
0.6246106926092327 0.047674370429651045 0.779479722046924 -49.67346922981702 -0.09784991181050341 0.9950464267316591 0.01755002584677229 -2.1612186115203134 -0.7747818255560855 -0.08723395513460647 0.626181570999621 -100.00126218295834
0.6187694473905807 0.052901839393487256 0.7837893635185028 -50.305792413822715 -0.10462985466637004 0.9943906781581255 0.01548459572305891 -2.219686653581497 -0.7785736729898732 -0.09158916120607315 0.6208336824598246 -100.77375741234532
0.6115183040520118 0.056358650952091846 0.7892205434935221 -51.03987003771268 -0.10744508682659719 0.9941354158926945 0.012260839476673334 -2.24683331076301 -0.7839010887326217 -0.09229559685649112 0.6139874639475266 -101.4522801470232
0.5966676113469895 0.053852302616912484 0.8006795183294835 -51.92796654386069 -0.1057402418030936 0.9943223225819198 0.011921412613802109 -2.238540324575675 -0.7954915226613696 -0.09177716593629068 0.5989742809057822 -101.91186237298534
0.5903100278938083 0.05156345237607998 0.8055279519340534 -52.60685041784475 -0.10530983582462455 0.9943475029503744 0.013523381786156257 -2.265601476656815 -0.8002773951834466 -0.09281300352367555 0.5924034411913158 -102.64560918221947
0.5781126325716276 0.04964891041434428 0.8144450685931927 -53.45967661760964 -0.10436130477664914 0.9944484147755897 0.013456166453365243 -2.2343306009907873 -0.8092555232588015 -0.0927757291145008 0.5800846163814356 -103.16686689737413
0.5682254785226024 0.04998200137777931 0.8213535201702313 -54.283762023883526 -0.10504767615406106 0.9943928196365068 0.01216166065872155 -2.22395500445311 -0.8161401785817747 -0.09319184331672882 0.5702898291603492 -103.73323743904483
0.5618915863053526 0.05400790257848924 0.8254459350546987 -54.98243211993125 -0.11062634826215591 0.9938088902509107 0.010281085955405283 -2.250762072898387 -0.8197802486774174 -0.09709292445286669 0.5643875511557487 -104.44817902990302
0.550535239129708 0.05890256201240874 0.8327313124080108 -55.80763839263673 -0.11976769010867556 0.9927615238550496 0.008958636002251826 -2.3276163324516164 -0.8261759199529708 -0.10466634985462707 0.5536048270183095 -105.00775747003024
0.5416090369995475 0.05707715757057854 0.8386905562387625 -56.59509117267957 -0.11719670823757447 0.993075692941785 0.008099362101960541 -2.3202836374066846 -0.8324209166324853 -0.10267845940245172 0.5445480249963944 -105.62408883472816
0.5315811263972212 0.052801454949414475 0.8453599898347953 -57.47071800691722 -0.1110350205381623 0.9937862828694554 0.007749077015307965 -2.259183958838394 -0.839697999341447 -0.09798382619570967 0.5341408425743365 -106.10319683579219
0.5195649008363197 0.049929950482083124 0.8529708751556531 -58.35966734147597 -0.1078412275308373 0.9941398755039738 0.007495170283199484 -2.240704898564577 -0.8475981260543711 -0.09587965290443343 0.5219046932803397 -106.56082944518917
0.5075448807084004 0.04955487845518809 0.8601991095600983 -59.23919000411172 -0.10927622680139702 0.9939852410907835 0.007214343333604109 -2.244703739749711 -0.8546677132999705 -0.09766091529218399 0.509907291050926 -107.03666964469689
0.4893115474441636 0.04825797560355019 0.8707728620762384 -60.196298446256044 -0.10541646397634889 0.994419602168273 0.00412600850767972 -2.1780624271388773 -0.8657144901751739 -0.09381269892932662 0.4916681797923635 -107.3186312831936
0.4810803682589184 0.051409125488312904 0.8751678588090338 -61.04754005091923 -0.1056596768305643 0.9944022940781058 -0.00033200037625271805 -2.1580693017826373 -0.8702859942634075 -0.09231023354495167 0.48381929371598065 -107.84302427105438
0.47387791003806795 0.05258560310246559 0.8790190445742918 -61.91738634301049 -0.105230920876926 0.9944439808630865 -0.0027608362068940843 -2.138943716226616 -0.8742803780913567 -0.09119168351075989 0.47677866703839444 -108.33597623665585
0.46530168792947635 0.05497193468758093 0.8834435044793087 -62.79893452671936 -0.10834946866812556 0.9941013228008295 -0.004790891875814757 -2.1011120487833623 -0.8784957209365443 -0.09349142350509818 0.46851320368498905 -108.80655201694417
0.4583801114614501 0.053750660989237045 0.8871293816911976 -63.684834831607866 -0.10952579466720842 0.9939773162869621 -0.0036324935616234323 -2.0915867355465116 -0.8819817308644733 -0.09549848697216497 0.4615065171883659 -109.27032989317333
0.4499474171580048 0.054193852866867794 0.8914091922929013 -64.58342299463357 -0.11796622892928704 0.9930172634845654 -0.0008265916880350384 -2.1440496588633597 -0.8852295128946628 -0.10478425732661854 0.45319859765536263 -109.70597533989451
0.4437018483030581 0.05161258646181743 0.8946869903665581 -65.49047223487734 -0.11801857432070471 0.9930106081804151 0.0012442493563823722 -2.139450430226993 -0.888369453440338 -0.10614175808040384 0.4466918864113342 -110.1269747735361
0.4363007736661107 0.05106748785076672 0.8983505699797619 -66.4031771434167 -0.12293846227746923 0.9924088322178198 0.0032930576831756387 -2.136782562604651 -0.8913628718314529 -0.11187860054979516 0.439266900027084 -110.53558538605509
0.43322645067062465 0.05283803226988485 0.8997349525194505 -67.27958795766733 -0.12474966633959728 0.9921866155983384 0.001800159899682182 -2.1314719143310623 -0.8926098605101255 -0.11302151127990698 0.43643301308230614 -111.01712030894579
0.4286051815459218 0.058036024008720585 0.90162598579968 -68.18139010222347 -0.12883336707644188 0.9916628787697772 -0.0025881263058837633 -2.136640940160027 -0.8942592251578507 -0.11505022652264635 0.432508824877792 -111.44923854914752
0.4192645523124823 0.06246238473215629 0.9057128052908294 -69.14342977463897 -0.12948992109512197 0.9915448229770994 -0.008439452712210967 -2.0578366616118173 -0.898581991481755 -0.11374231560103326 0.42380784587640485 -111.71052298136571
0.4174051479831302 0.06293747246088284 0.9065383703944445 -70.02329743144237 -0.12864773431508575 0.9916437751081686 -0.009611646310844555 -2.0217459847935 -0.8995680645727087 -0.11261215604219317 0.42201398023340386 -112.18436933812755
0.41322793082143205 0.06483170635212646 0.9083168648882987 -70.93487009661673 -0.1284025964610934 0.9916450487832205 -0.012364078848150224 -1.9684561564058312 -0.9015295060725882 -0.11152106041347407 0.41809999134748776 -112.59204012505916
0.41048678850978576 0.06746254261430294 0.9093675834352875 -71.84365406382705 -0.13135420746527046 0.9912331787883426 -0.014242803457069844 -1.957834240400595 -0.902356176104453 -0.11360277483702852 0.41574961334374977 -113.00917185016955
0.40737867117689963 0.071426956332614 0.9104618653074937 -72.74928392153191 -0.13337144222752945 0.9909015273765812 -0.018061601282710508 -1.8812477627156274 -0.9034681381135908 -0.11407170020898104 0.41319846396737053 -113.42626784928484
0.4055009793264818 0.07272870758171164 0.9111967355400021 -73.65318003176266 -0.1336802471140871 0.9908307878939024 -0.019594419946851512 -1.81637037000149 -0.9042668561970071 -0.11386344756799245 0.4115052467363119 -113.84907128593481
0.40364506088059465 0.07412046360341021 0.9119083406252599 -74.55936911032093 -0.13406757946182302 0.9907457182203878 -0.021185041071570807 -1.761048718675047 -0.9050395289075331 -0.1137061059944083 0.40984676718795693 -114.2683097252743
0.40585683441312903 0.08045224692178243 0.910388744397353 -75.40029483701845 -0.134651750463525 0.9905111937019737 -0.02750420419115551 -1.6183617801399743 -0.9039630169304143 -0.11142266805615221 0.4128387736941769 -114.79031007004158
0.39638658792045844 0.08417217509549851 0.9142169971382441 -76.37103820089702 -0.13677096752606202 0.9900903277500116 -0.03185663726523455 -1.5223812716513185 -0.9078388487433943 -0.11241079874504692 0.4039708368654451 -115.01041246345676
0.3966576151763339 0.08356780983432388 0.9141548870307025 -77.26616791712296 -0.13895192684021296 0.9898387056712125 -0.030194350175486065 -1.5039952017643163 -0.9073891658387973 -0.11504676331715549 0.40423896888921657 -115.45583893754961
0.3973896400917714 0.08221227404529012 0.9139598546676069 -78.15507290044093 -0.14024209671619944 0.9897198415649242 -0.028049768650288808 -1.5024860032262053 -0.9068702377899563 -0.11702895813121861 0.4048340336106985 -115.91392806995601
0.39696388830858925 0.07981947953410305 0.9143568898771579 -79.05412379535403 -0.14230718823224556 0.9895168380560596 -0.02459860526451597 -1.518242745272497 -0.9067349863615598 -0.12035479931418555 0.40416133757441774 -116.35148859572904
0.4003146480490679 0.07752906058047931 0.913092233743589 -79.94882920137042 -0.13801974104193818 0.9901491791892362 -0.023561706932813283 -1.4685507867349354 -0.9059242427313203 -0.11659265649853758 0.4070717613422669 -116.79537252868785
0.4032507854907299 0.07735090860350155 0.9118144772591189 -80.83861690443462 -0.1341652714155795 0.9906509931580906 -0.02470404219681615 -1.3857455184946272 -0.9052007975408924 -0.11237191166925231 0.4098585970784646 -117.24417218470731
0.4028828327773337 0.07332051917147572 0.9123099936544238 -81.77975268312018 -0.13354015297422295 0.9908280639191798 -0.02065854045618967 -1.3930876070422293 -0.905457039576103 -0.11350704408152708 0.4089788508296621 -117.58212120458224
0.41074629156093506 0.06964268568013135 0.9090860136973816 -82.64985317070384 -0.132055581940029 0.99110893500775 -0.01626044975618171 -1.4060662577709837 -0.9021356922114997 -0.11337096240597526 0.4162910252710455 -118.07482466147482
0.4206265579366999 0.06990924458822295 0.904536343260693 -83.48846826613318 -0.13413352626562788 0.9908614302220318 -0.014206450291571979 -1.3944396441435531 -0.8972633369314331 -0.11535303834050586 0.4261598065799738 -118.61942501391273
0.4306162649260585 0.0687907079823591 0.8999097015125544 -84.36489162087491 -0.13171811588198726 0.9912053292641047 -0.012741004156908865 -1.3678882422929013 -0.8928717546391189 -0.11304792599601132 0.4358901194058642 -119.10023383932156
0.43776051732965543 0.06801681496575689 0.8965151657106448 -85.2746991989726 -0.12917425564219112 0.9915474466737217 -0.012152064602263346 -1.335846114985992 -0.8897638681369597 -0.11048698438602955 0.4428463449541313 -119.51402542109926
0.4487916440047421 0.06933332464713154 0.8909427312487007 -86.12298650785628 -0.1288854556401967 0.9915839187875897 -0.012242194503200323 -1.2882071399785986 -0.8842932768516198 -0.10933536453884955 0.4539506345145681 -120.04141443303868
0.45345259889438805 0.06846413369168866 0.8886469506805106 -87.05550422440852 -0.12584232511878624 0.9919751019669757 -0.01221090849589509 -1.2361746893718215 -0.8823516587207749 -0.10629232956090286 0.45842937409072193 -120.39877046362786
0.46559552034251694 0.06845418605554322 0.8823462108766899 -87.8849585681722 -0.12470375217637907 0.9921311659563207 -0.01116797794021138 -1.1776424860202963 -0.8761676697441376 -0.10483212198445292 0.47046832060762817 -120.95426976430059
0.4816852331464523 0.0677601423534571 0.8737207215563135 -88.65762509513222 -0.12253486288343024 0.9924195816143486 -0.009411769574806179 -1.1167924641259372 -0.867735295703982 -0.1025277376621501 0.48633683759242613 -121.58615876818249
0.48593180940374686 0.064732289628569 0.8715962409791828 -89.57837742554838 -0.1205052945842022 0.9926911295798333 -0.006541806377323396 -1.0846343292116725 -0.8656493230204705 -0.10185308923861336 0.49018078069907023 -121.97497877874893
0.4973999558161223 0.06482721156902403 0.8650957846356105 -90.42686098015825 -0.11917775824253861 0.9928555337543323 -0.005878012731567715 -1.0609941964622047 -0.8592961920933085 -0.10017645227545954 0.5015722606598573 -122.50367226458668
0.5122785072775138 0.06388980842089238 0.8564396203828161 -91.28330094341258 -0.1149216933173899 0.9933600733379693 -0.0053636837189817875 -1.0172961980915156 -0.8510956087454898 -0.09567579077987313 0.5162193408162733 -123.01806615504991
0.5305379184696742 0.06427761669735604 0.8452206250781928 -92.0519495406031 -0.112549439398814 0.9936339559102819 -0.0049178606207901186 -1.0109562842415283 -0.8401560215726819 -0.09251999525390643 0.5343949006992657 -123.65770600673102
0.5388825907975778 0.06330822974720632 0.8399985841544992 -92.92874542077573 -0.10915581957794639 0.9940126265565208 -0.0048893044969239765 -0.9518976852303245 -0.8352787320456255 -0.0890559720933771 0.5425665614712654 -124.13492824703192
